step,epsilon,episodes,avg_ext_20ep,avg_intr_20ep,avg_state_intr_20ep,avg_vae_loss_20ep,avg_vae_recon_20ep,avg_vae_kl_20ep,current_ep_ext,current_ep_intr,current_ep_state_intr,current_ep_vae_loss,current_ep_vae_recon,current_ep_vae_kl,replay_size
1000,0.9901,0,0.0,0.0,0.0,nan,nan,nan,0.0,0.2691309995673543,0.2691309995673543,0.0007064797100611031,0.0006581043708138168,0.04837532341480255,1000
2000,0.9802,0,0.0,0.0,0.0,nan,nan,nan,0.0,0.40480704265145184,0.40480704265145184,0.0005387984565459192,0.000518343411386013,0.020455049350857735,2000
3000,0.9703,1,0.0,0.41098699597890315,0.41098699597890315,0.0006418852135539055,0.0006230243016034365,0.018860891461372375,0.0,0.11017909666831349,0.11017909666831349,0.0003981098998337984,0.00038533922634087503,0.01277067605406046,3000
4000,0.9604,1,0.0,0.41098699597890315,0.41098699597890315,0.0006418852135539055,0.0006230243016034365,0.018860891461372375,0.0,0.21825320199485224,0.21825320199485224,0.0005159511929377913,0.0005048859748058021,0.011065199971199036,4000
5000,0.9505,2,0.0,0.3198723974921737,0.3198723974921737,0.0005876689392607659,0.0005732386489398777,0.014430283568799496,0.0,0.09495495886127776,0.09495495886127776,0.00048237701412290335,0.00047337962314486504,0.008997391909360886,5000
6000,0.9406,2,0.0,0.3198723974921737,0.3198723974921737,0.0005876689392607659,0.0005732386489398777,0.014430283568799496,0.0,0.19891799645326283,0.19891799645326283,0.0003631273575592786,0.0003546446387190372,0.008482716977596283,6000
7000,0.9307,3,0.0,0.2838356251982205,0.2838356251982205,0.0005813269720723232,0.0005690027610398829,0.012324203737080097,0.0,0.08649203220425891,0.08649203220425891,0.0005302277859300375,0.0005226165521889925,0.007611221633851528,7000
8000,0.9208,3,0.0,0.2838356251982205,0.2838356251982205,0.0005813269720723232,0.0005690027610398829,0.012324203737080097,0.0,0.1895411096313217,0.1895411096313217,0.0005352856242097914,0.000528009666595608,0.007275944575667381,8000
9000,0.9109,4,0.0,0.264574144506305,0.264574144506305,0.000572919991100207,0.0005618834838969633,0.011036504758521914,0.0,0.07870080487212539,0.07870080487212539,0.0005018366500735283,0.0004942400846630335,0.007596584968268871,9000
10000,0.901,4,0.0,0.264574144506305,0.264574144506305,0.000572919991100207,0.0005618834838969633,0.011036504758521914,0.0,0.17047899174895137,0.17047899174895137,0.0005231458926573396,0.000515921856276691,0.0072240084409713745,10000
11000,0.8911,5,0.0,0.24929734835309364,0.24929734835309364,0.00056556606432423,0.0005552813760004938,0.010284691862761975,0.0,0.07061710193138762,0.07061710193138762,0.00045457310625351965,0.00044761344906874,0.006959647871553898,11000
12000,0.8812,5,0.0,0.24929734835309364,0.24929734835309364,0.00056556606432423,0.0005552813760004938,0.010284691862761975,0.0,0.1534096954370674,0.1534096954370674,0.0004252827202435583,0.0004180277755949646,0.007254932541400194,12000
13000,0.8713,6,0.0,0.2374195655078171,0.2374195655078171,0.000554936743962268,0.0005452500481624156,0.009686697584887346,0.0,0.06730829003505388,0.06730829003505388,0.0005037874216213822,0.0004971299204044044,0.00665751937776804,13000
14000,0.8613999999999999,6,0.0,0.2374195655078171,0.2374195655078171,0.000554936743962268,0.0005452500481624156,0.009686697584887346,0.0,0.1505763481511313,0.1505763481511313,0.0004425480146892369,0.00043577924952842295,0.006768763996660709,14000
15000,0.8515,7,0.0,0.22822270916492743,0.22822270916492743,0.0005523362945366118,0.0005431157686481518,0.009220525289752654,0.0,0.05981817678921855,0.05981817678921855,0.0004870562406722456,0.00048045997391454875,0.006596277002245188,15000
16000,0.8416,7,0.0,0.22822270916492743,0.22822270916492743,0.0005523362945366118,0.0005431157686481518,0.009220525289752654,0.0,0.14075785479381445,0.14075785479381445,0.0005101708229631186,0.0005034971400164068,0.006673681084066629,16000
17000,0.8317,8,0.0,0.22100940844460013,0.22100940844460013,0.0005519647384062409,0.0005430916280602105,0.008873111160937697,0.0,0.05037549876881765,0.05037549876881765,0.00047140815877355635,0.00046484250924549997,0.006565647665411234,17000
18000,0.8218,8,0.0,0.22100940844460013,0.22100940844460013,0.0005519647384062409,0.0005430916280602105,0.008873111160937697,0.0,0.12357778333923303,0.12357778333923303,0.0004234878288116306,0.0004169965977780521,0.006491229869425297,18000
19000,0.8119000000000001,9,0.0,0.21345666946587727,0.21345666946587727,0.0005460222665634421,0.0005374333316770693,0.008588932351105742,0.0,0.04475401708597242,0.04475401708597242,0.0005077041569165885,0.0005012897308915854,0.006414421834051609,19000
20000,0.802,9,0.0,0.21345666946587727,0.21345666946587727,0.0005460222665634421,0.0005374333316770693,0.008588932351105742,0.0,0.1215092902625252,0.1215092902625252,0.00047315459232777357,0.0004665569285862148,0.006597662810236216,20000
21000,0.7921,10,0.0,0.2073678151098754,0.2073678151098754,0.0005450295051559806,0.0005366962286643684,0.008333276258781552,0.0,0.04016411393119765,0.04016411393119765,0.00046422594459727407,0.00045797834172844887,0.006247600074857473,21000
22000,0.7822,10,0.0,0.2073678151098754,0.2073678151098754,0.0005450295051559806,0.0005366962286643684,0.008333276258781552,0.0,0.11412379914298655,0.11412379914298655,0.0004624670837074518,0.00045675705769099295,0.005710029974579811,22000
23000,0.7723,11,0.0,0.20194738850124708,0.20194738850124708,0.0005410373401404781,0.0005329074496826665,0.00812988867983222,0.0,0.04049990661484115,0.04049990661484115,0.0004979994846507907,0.000492019229568541,0.005980244837701321,23000
24000,0.7624,11,0.0,0.20194738850124708,0.20194738850124708,0.0005410373401404781,0.0005329074496826665,0.00812988867983222,0.0,0.11397129513261062,0.11397129513261062,0.000499528949148953,0.0004935682518407702,0.00596067076548934,24000
25000,0.7525,12,0.0,0.19757189423715227,0.19757189423715227,0.000537252407715035,0.0005293228896334767,0.007929518236778677,0.0,0.031431914887146806,0.031431914887146806,0.000396724819438532,0.00039123091846704483,0.005493904463946819,25000
26000,0.7425999999999999,12,0.0,0.19757189423715227,0.19757189423715227,0.000537252407715035,0.0005293228896334767,0.007929518236778677,0.0,0.10032912282750203,0.10032912282750203,0.0004783135373145342,0.0004728042986243963,0.005509224720299244,26000
27000,0.7326999999999999,13,0.0,0.19309396232087364,0.19309396232087364,0.0005351762251498607,0.000527452108844255,0.007724117201108199,0.0,0.029844136268075055,0.029844136268075055,0.0004303565074224025,0.0004248588811606169,0.005497639998793602,27000
28000,0.7228,13,0.0,0.19309396232087364,0.19309396232087364,0.0005351762251498607,0.000527452108844255,0.007724117201108199,0.0,0.09600150156870148,0.09600150156870148,0.0003620708012022078,0.00035675373510457575,0.005317055620253086,28000
29000,0.7129000000000001,14,0.0,0.1889175505535457,0.1889175505535457,0.0005365063386437084,0.0005289592539026801,0.007547085140166538,0.0,0.0250040347698676,0.0250040347698676,0.00035133041092194617,0.00034620013320818543,0.005130279343575239,29000
30000,0.7030000000000001,14,0.0,0.1889175505535457,0.1889175505535457,0.0005365063386437084,0.0005289592539026801,0.007547085140166538,0.0,0.08650763139190289,0.08650763139190289,0.00038870362914167345,0.00038380458136089146,0.004899052437394857,30000
31000,0.6931,15,0.0,0.18501715222756104,0.18501715222756104,0.000532222642020012,0.0005248414468951524,0.007381194674720367,0.0,0.023178810527998427,0.023178810527998427,0.0005093035870231688,0.0005044629797339439,0.0048406245186924934,31000
32000,0.6832,15,0.0,0.18501715222756104,0.18501715222756104,0.000532222642020012,0.0005248414468951524,0.007381194674720367,0.0,0.08789328312428356,0.08789328312428356,0.000474855158245191,0.0004700954887084663,0.004759680014103651,32000
33000,0.6733,16,0.0,0.1817246287658479,0.1817246287658479,0.0005313116616889602,0.0005240995124040637,0.007212150463601574,0.0,0.01786879299102973,0.01786879299102973,0.0005063856951892376,0.0005019779782742262,0.004407718777656555,33000
34000,0.6634,16,0.0,0.1817246287658479,0.1817246287658479,0.0005313116616889602,0.0005240995124040637,0.007212150463601574,0.0,0.07808842230640832,0.07808842230640832,0.0004717425908893347,0.0004673516668844968,0.0043909284286201,34000
35000,0.6535,17,0.0,0.1783605425868937,0.1783605425868937,0.0005320029946126263,0.0005249658407753005,0.007037156179328175,0.0,0.01634290452549209,0.01634290452549209,0.0004752710519824177,0.00047086176346056163,0.004409301560372114,35000
36000,0.6436,17,0.0,0.1783605425868937,0.1783605425868937,0.0005320029946126263,0.0005249658407753005,0.007037156179328175,0.0,0.0760733918294368,0.0760733918294368,0.0004745775950141251,0.0004703987797256559,0.004178820177912712,36000
37000,0.6336999999999999,18,0.0,0.17528592229708986,0.17528592229708986,0.0005313936869950137,0.0005245177502123018,0.006875937571749091,0.0,0.012634449105502904,0.012634449105502904,0.00048585899639874697,0.0004819256719201803,0.003933323081582785,37000
38000,0.6238,18,0.0,0.17528592229708986,0.17528592229708986,0.0005313936869950137,0.0005245177502123018,0.006875937571749091,0.0,0.07137357365778438,0.07137357365778438,0.0005017260555177927,0.0004977909848093987,0.0039350721053779125,38000
39000,0.6139,19,0.0,0.17235344541814754,0.17235344541814754,0.0005337249496829157,0.0005270019939512407,0.006722956993862202,0.0,0.008885045711434478,0.008885045711434478,0.00047928921412676573,0.0004754060646519065,0.0038831601850688457,39000
40000,0.604,19,0.0,0.17235344541814754,0.17235344541814754,0.0005337249496829157,0.0005270019939512407,0.006722956993862202,0.0,0.06221675349870566,0.06221675349870566,0.0005035556969232857,0.0004997067153453827,0.0038489673752337694,40000
41000,0.5941000000000001,20,0.0,0.16937135446414148,0.16937135446414148,0.0005313680754625239,0.0005247969020274468,0.006571174471173435,0.0,0.006661475183349884,0.006661475183349884,0.0004788760270457715,0.0004750615917146206,0.0038144350983202457,41000
42000,0.5842,20,0.0,0.16937135446414148,0.16937135446414148,0.0005313680754625239,0.0005247969020274468,0.006571174471173435,0.0,0.06461042557709969,0.06461042557709969,0.0004733589303214103,0.0004697937401942909,0.003565180115401745,42000
43000,0.5743,21,0.0,0.1546533854503272,0.1546533854503272,0.0005247993874945677,0.0005189929404878057,0.005806449602823704,0.0,0.004166018729186746,0.004166018729186746,0.000451451021945104,0.00044782462646253407,0.003626385470852256,43000
44000,0.5644,21,0.0,0.1546533854503272,0.1546533854503272,0.0005247993874945677,0.0005189929404878057,0.005806449602823704,0.0,0.057152027264462994,0.057152027264462994,0.0003595347225200385,0.00035598015529103577,0.0035545588470995426,44000
45000,0.5545,22,0.0,0.148666303443326,0.148666303443326,0.0005221440602326766,0.0005166725735762156,0.005471488239709288,0.0,0.002002423882347274,0.002002423882347274,0.00046912694233469665,0.0004658035177271813,0.0033234185539186,45000
46000,0.5446,22,0.0,0.148666303443326,0.148666303443326,0.0005221440602326766,0.0005166725735762156,0.005471488239709288,0.0,0.056292951849819896,0.056292951849819896,0.0004379951860755682,0.0004347254289314151,0.0032697427086532116,46000
47000,0.5347,22,0.0,0.148666303443326,0.148666303443326,0.0005221440602326766,0.0005166725735762156,0.005471488239709288,0.0,0.10995898156719754,0.10995898156719754,0.0004535147163551301,0.00045039952965453267,0.0031151925213634968,47000
48000,0.5248,23,0.0,0.14361003183329513,0.14361003183329513,0.0005208964954363182,0.000515673945483286,0.005222551070619375,0.0,0.05125644288385126,0.05125644288385126,0.0004591408069245517,0.0004559594963211566,0.0031813234090805054,48000
49000,0.5149,23,0.0,0.14361003183329513,0.14361003183329513,0.0005208964954363182,0.000515673945483286,0.005222551070619375,0.0,0.10342795437596736,0.10342795437596736,0.0005201281164772809,0.0005169649957679212,0.003163133980706334,49000
50000,0.505,24,0.0,0.13860222441203618,0.13860222441203618,0.0005200131301535294,0.00051499620458344,0.005016927351243794,0.0,0.05074512002252499,0.05074512002252499,0.0005150564829818904,0.0005121040157973766,0.002952443901449442,50000
51000,0.4951,24,0.0,0.13860222441203618,0.13860222441203618,0.0005200131301535294,0.00051499620458344,0.005016927351243794,0.0,0.10203007645905945,0.10203007645905945,0.0005165300681255758,0.0005135251558385789,0.003004891099408269,50000
52000,0.48519999999999996,25,0.0,0.1345997099105742,0.1345997099105742,0.0005192996439291164,0.000514499812561553,0.0047998316003941,0.0,0.04544053353376521,0.04544053353376521,0.0004883250803686678,0.00048546900507062674,0.002856084844097495,50000
53000,0.47529999999999994,25,0.0,0.1345997099105742,0.1345997099105742,0.0005192996439291164,0.000514499812561553,0.0047998316003941,0.0,0.09612342063322624,0.09612342063322624,0.0004571186436805874,0.0004542615788523108,0.0028570517897605896,50000
54000,0.4653999999999999,26,0.0,0.13091150944251115,0.13091150944251115,0.0005205077701248229,0.0005159047126653604,0.004603057203348726,0.0,0.04209191965501392,0.04209191965501392,0.0004951943410560489,0.000492425519041717,0.002768845297396183,50000
55000,0.4555,26,0.0,0.13091150944251115,0.13091150944251115,0.0005205077701248229,0.0005159047126653604,0.004603057203348726,0.0,0.09034649700215672,0.09034649700215672,0.00047693238593637943,0.0004742061719298363,0.0027262240182608366,50000
56000,0.4456,27,0.0,0.12727869780693116,0.12727869780693116,0.0005204135610256344,0.0005159948559594341,0.004418704565614462,0.0,0.03804542990684115,0.03804542990684115,0.0004569582233671099,0.0004543508985079825,0.0026073202025145292,50000
57000,0.4357000000000001,27,0.0,0.12727869780693116,0.12727869780693116,0.0005204135610256344,0.0005159948559594341,0.004418704565614462,0.0,0.08698638797733783,0.08698638797733783,0.00041239309939555824,0.0004097784112673253,0.0026146804448217154,50000
58000,0.42580000000000007,28,0.0,0.12368151999503751,0.12368151999503751,0.0005179499159567059,0.000513724448683206,0.004225467378273606,0.0,0.03511030527617911,0.03511030527617911,0.00048593722749501467,0.00048339806380681694,0.002539175795391202,50000
59000,0.41590000000000005,28,0.0,0.12368151999503751,0.12368151999503751,0.0005179499159567059,0.000513724448683206,0.004225467378273606,0.0,0.0823254073209783,0.0823254073209783,0.000435303314588964,0.0004328498034738004,0.0024535097181797028,50000
60000,0.406,29,0.0,0.12091806134478393,0.12091806134478393,0.0005170374934095889,0.0005130050412844867,0.004032453359104693,0.0,0.0317552602568927,0.0317552602568927,0.0004295606049709022,0.0004270980425644666,0.0024625693913549185,50000
61000,0.3961,29,0.0,0.12091806134478393,0.12091806134478393,0.0005170374934095889,0.0005130050412844867,0.004032453359104693,0.0,0.07729754491349389,0.07729754491349389,0.000408756808610633,0.0004063329834025353,0.002423830796033144,50000
62000,0.3862,30,0.0,0.1180563871749103,0.1180563871749103,0.000517355915508233,0.0005135053914273157,0.0038505242322571577,0.0,0.03162476535252387,0.03162476535252387,0.00046754302456974983,0.00046518148155882955,0.0023615288082510233,50000
63000,0.37629999999999997,30,0.0,0.1180563871749103,0.1180563871749103,0.000517355915508233,0.0005135053914273157,0.0038505242322571577,0.0,0.07852029977103825,0.07852029977103825,0.00042577440035529435,0.000423504039645195,0.00227035372518003,50000
64000,0.36639999999999995,31,0.0,0.11545056478912748,0.11545056478912748,0.0005189604969928041,0.0005153015110408888,0.0036589871742762625,0.0,0.028555836531190582,0.028555836531190582,0.0004962428938597441,0.0004940176731906831,0.0022252099588513374,50000
65000,0.35650000000000004,31,0.0,0.11545056478912748,0.11545056478912748,0.0005189604969928041,0.0005153015110408888,0.0036589871742762625,0.0,0.07514946220195746,0.07514946220195746,0.0004960679798386991,0.0004938974161632359,0.002170554595068097,50000
66000,0.3466,32,0.0,0.11272228216584508,0.11272228216584508,0.0005154425904038362,0.000511958886636421,0.003483703383244574,0.0,0.025388445302053645,0.025388445302053645,0.0005014448543079197,0.0004993108450435102,0.002134006703272462,50000
67000,0.3367,32,0.0,0.11272228216584508,0.11272228216584508,0.0005154425904038362,0.000511958886636421,0.003483703383244574,0.0,0.07068977025557002,0.07068977025557002,0.0004783971235156059,0.0004762864555232227,0.002110660308972001,50000
68000,0.3268,33,0.0,0.1103811414804468,0.1103811414804468,0.0005142859168699943,0.00051096074457746,0.0033251709304749967,0.0,0.0222714982408812,0.0222714982408812,0.00044199221883900464,0.0004399678437039256,0.0020243620965629816,50000
69000,0.31690000000000007,33,0.0,0.1103811414804468,0.1103811414804468,0.0005142859168699943,0.00051096074457746,0.0033251709304749967,0.0,0.06605745668723234,0.06605745668723234,0.0004153758054599166,0.00041338748997077346,0.00198832037858665,50000
70000,0.30700000000000005,34,0.0,0.10816452377242991,0.10816452377242991,0.0005083081181510351,0.000505145917122718,0.0031621997361071406,0.0,0.021791887948615144,0.021791887948615144,0.0004723880847450346,0.0004704218008555472,0.0019662838894873857,50000
71000,0.29710000000000003,34,0.0,0.10816452377242991,0.10816452377242991,0.0005083081181510351,0.000505145917122718,0.0031621997361071406,0.0,0.06488445378032538,0.06488445378032538,0.0005073993233963847,0.0005054791690781713,0.0019201813265681267,50000
72000,0.2872,35,0.0,0.10608466968752461,0.10608466968752461,0.0005124886578414589,0.0005094841748359613,0.0030044821032788604,0.0,0.019382134724988963,0.019382134724988963,0.0005111849750392139,0.000509253644850105,0.0019313505617901683,50000
73000,0.2773,35,0.0,0.10608466968752461,0.10608466968752461,0.0005124886578414589,0.0005094841748359613,0.0030044821032788604,0.0,0.06195764420499374,0.06195764420499374,0.0004998254589736462,0.0004979302175343037,0.0018952571554109454,50000
74000,0.26739999999999997,36,0.0,0.1038522963883994,0.1038522963883994,0.0005129767872858792,0.0005101111994008534,0.0028655864065513016,0.0,0.01736223288519772,0.01736223288519772,0.0004555969499051571,0.00045375488116405904,0.0018420652486383915,50000
75000,0.25750000000000006,36,0.0,0.1038522963883994,0.1038522963883994,0.0005129767872858792,0.0005101111994008534,0.0028655864065513016,1.0,0.05972722067726779,0.05972722067726779,0.00047768669901415706,0.0004758649447467178,0.0018217455362901092,50000
76000,0.24760000000000004,37,0.05,0.10195536281312485,0.10195536281312485,0.0005095242508105002,0.0005067789315944538,0.0027453167014755307,0.0,0.01616208882176083,0.01616208882176083,0.0003590821288526058,0.0003572692221496254,0.0018128929659724236,50000
77000,0.23770000000000002,37,0.05,0.10195536281312485,0.10195536281312485,0.0005095242508105002,0.0005067789315944538,0.0027453167014755307,0.0,0.05890387719397586,0.05890387719397586,0.00037619256181642413,0.0003744206333067268,0.0017719336319714785,50000
78000,0.2278,38,0.05,0.10016633661794117,0.10016633661794117,0.0005091705257655122,0.0005065448000095785,0.0026257238816469906,0.0,0.013392253328275212,0.013392253328275212,0.0003623684751801193,0.0003605979145504534,0.0017705539939925075,50000
79000,0.21789999999999998,38,0.05,0.10016633661794117,0.10016633661794117,0.0005091705257655122,0.0005065448000095785,0.0026257238816469906,0.0,0.05513534156435985,0.05513534156435985,0.0004010794800706208,0.0003993560385424644,0.0017234532861039042,50000
80000,0.20799999999999996,39,0.05,0.09845160894930874,0.09845160894930874,0.0005066489582532085,0.0005041340278694406,0.0025149285269435496,0.0,0.011933327689513027,0.011933327689513027,0.0004966117558069527,0.0004948756541125476,0.0017361203208565712,50000
81000,0.19809999999999994,39,0.05,0.09845160894930874,0.09845160894930874,0.0005066489582532085,0.0005041340278694406,0.0025149285269435496,3.0,0.05136661004026347,0.05136661004026347,0.0004079940845258534,0.0004063223022967577,0.0016717835096642375,50000
82000,0.18820000000000003,40,0.3,0.09698720694695998,0.09698720694695998,0.0005068932849098928,0.0005044795383582823,0.0024137436994351447,0.0,0.00998320941198114,0.00998320941198114,0.0004207206948194653,0.0004190387553535402,0.0016819265438243747,50000
83000,0.17830000000000001,40,0.3,0.09698720694695998,0.09698720694695998,0.0005068932849098928,0.0005044795383582823,0.0024137436994351447,3.0,0.05115041997241334,0.05115041997241334,0.00046979758189991117,0.0004681433201767504,0.0016542704543098807,50000
84000,0.1684,41,0.7,0.09541921091971708,0.09541921091971708,0.0005082905394374393,0.0005059730043285527,0.0023175311624072494,1.0,0.007385974324237701,0.007385974324237701,0.0004790497769135982,0.0004774270346388221,0.0016227433225139976,50000
85000,0.15849999999999997,41,0.7,0.09541921091971708,0.09541921091971708,0.0005082905394374393,0.0005059730043285527,0.0023175311624072494,11.0,0.045958645424965076,0.045958645424965076,0.0004949544672854245,0.0004933484015055001,0.0016060781199485064,50000
86000,0.14860000000000007,42,1.4,0.09409322247565613,0.09409322247565613,0.0005093938641948625,0.0005071618405054323,0.0022320213029161096,0.0,0.004968152431345822,0.004968152431345822,0.0005032870103605092,0.0005017013172619045,0.0015857098624110222,50000
87000,0.13870000000000005,42,1.4,0.09409322247565613,0.09409322247565613,0.0005093938641948625,0.0005071618405054323,0.0022320213029161096,5.0,0.04583957943121097,0.04583957943121097,0.00047074543545022607,0.00046915412531234324,0.0015913167735561728,50000
88000,0.12880000000000003,43,2.15,0.09264245045991878,0.09264245045991878,0.0005104391078930348,0.0005082842937554233,0.0021548112330492587,1.0,0.00291872315104056,0.00291872315104056,0.0005145645118318498,0.0005129870260134339,0.0015774730127304792,50000
89000,0.1189,43,2.15,0.09264245045991878,0.09264245045991878,0.0005104391078930348,0.0005082842937554233,0.0021548112330492587,13.0,0.04163718146535612,0.04163718146535612,0.0005163018358871341,0.0005147261545062065,0.00157565763220191,50000
90000,0.10899999999999999,44,3.25,0.09133826774576813,0.09133826774576813,0.0005121731403050945,0.0005100935857626609,0.0020795510441530495,0.0,0.001800375027877245,0.001800375027877245,0.0004847128875553608,0.0004831528931390494,0.0015599866164848208,50000
91000,0.09909999999999997,44,3.25,0.09133826774576813,0.09133826774576813,0.0005121731403050945,0.0005100935857626609,0.0020795510441530495,9.0,0.03966925452892914,0.03966925452892914,0.000491467653773725,0.0004898944753222167,0.0015731652965769172,50000
92000,0.08919999999999995,45,4.2,0.08986126411286709,0.08986126411286709,0.0005130252160597592,0.0005110150392283686,0.0020101726055145263,0.0,0.0002656107674585542,0.0002656107674585542,0.0003983534697908908,0.0003968074161093682,0.0015460579888895154,50000
93000,0.07929999999999993,45,4.2,0.08986126411286709,0.08986126411286709,0.0005130252160597592,0.0005110150392283686,0.0020101726055145263,10.0,0.035821731999048284,0.035821731999048284,0.0004294170648790896,0.0004278828564565629,0.0015342175029218197,50000
94000,0.06940000000000002,45,4.2,0.08986126411286709,0.08986126411286709,0.0005130252160597592,0.0005110150392283686,0.0020101726055145263,21.0,0.07363367589137386,0.07363367589137386,0.00048230361426249146,0.0004807266523130238,0.001576959970407188,50000
95000,0.0595,46,5.3,0.08840055646561006,0.08840055646561006,0.0005123576702317223,0.000510406844841782,0.0019508230790961534,7.0,0.03627840623091176,0.03627840623091176,0.0003676964552141726,0.00036616247962228954,0.001533972448669374,50000
96000,0.04960000000000009,46,5.3,0.08840055646561006,0.08840055646561006,0.0005123576702317223,0.000510406844841782,0.0019508230790961534,18.0,0.07445289324296937,0.07445289324296937,0.0005124154267832637,0.0005108973709866405,0.0015180385671555996,50000
97000,0.03970000000000007,47,6.25,0.08730524875506206,0.08730524875506206,0.00051280663756188,0.0005109170204377733,0.0018896167224738748,11.0,0.03315560019137562,0.03315560019137562,0.00046871238737367094,0.00046722020488232374,0.0014921919209882617,50000
98000,0.02980000000000005,47,6.25,0.08730524875506206,0.08730524875506206,0.00051280663756188,0.0005109170204377733,0.0018896167224738748,21.0,0.07048724076019768,0.07048724076019768,0.00045401984243653715,0.00045254104770720005,0.0014788025291636586,50000
99000,0.01990000000000003,48,7.4,0.0862019211299694,0.0862019211299694,0.0005147896794369444,0.0005129549957928248,0.0018346828233916312,9.0,0.03181680022133578,0.03181680022133578,0.0004938145284540951,0.0004923262749798596,0.0014882474206387997,50000
100000,0.010000000000000009,48,7.4,0.0862019211299694,0.0862019211299694,0.0005147896794369444,0.0005129549957928248,0.0018346828233916312,21.0,0.06950452580813445,0.06950452580813445,0.00047013061703182757,0.00046867787023074925,0.001452747150324285,50000
101000,0.010000000000000009,49,8.6,0.08516770612861517,0.08516770612861517,0.0005177327198907733,0.0005159483436727897,0.0017843759909737856,8.0,0.031052075128959362,0.031052075128959362,0.0005112335784360766,0.0005097791436128318,0.0014544614823535085,50000
102000,0.010000000000000009,49,8.6,0.08516770612861517,0.08516770612861517,0.0005177327198907733,0.0005159483436727897,0.0017843759909737856,17.0,0.0693619677885975,0.0693619677885975,0.0004906654939986765,0.0004892202559858561,0.0014452175237238407,50000
103000,0.010000000000000009,50,9.55,0.08434597423153155,0.08434597423153155,0.0005181991931749508,0.0005164621106814593,0.0017370826797559857,10.0,0.028439925025619362,0.028439925025619362,0.0004863857466261834,0.00048495293594896793,0.001432823482900858,50000
104000,0.010000000000000009,50,9.55,0.08434597423153155,0.08434597423153155,0.0005181991931749508,0.0005164621106814593,0.0017370826797559857,21.0,0.06444394249036418,0.06444394249036418,0.0005165532347746193,0.0005151499062776566,0.0014033563202247024,50000
105000,0.010000000000000009,51,10.85,0.08334466899021076,0.08334466899021076,0.0005187369388295338,0.0005170428921701387,0.0016940462810453027,8.0,0.02827982858379793,0.02827982858379793,0.0004991687019355595,0.0004977582138963044,0.0014104878064244986,50000
106000,0.010000000000000009,51,10.85,0.08334466899021076,0.08334466899021076,0.0005187369388295338,0.0005170428921701387,0.0016940462810453027,19.0,0.0643589518533742,0.0643589518533742,0.00047580120735801756,0.00047439843183383346,0.0014027883298695087,50000
107000,0.010000000000000009,52,11.95,0.08244910318196386,0.08244910318196386,0.0005245589112746529,0.0005229060567216948,0.0016528557054698468,7.0,0.025209940004205237,0.025209940004205237,0.0005073844804428518,0.0005059983814135194,0.0013861020561307669,50000
108000,0.010000000000000009,52,11.95,0.08244910318196386,0.08244910318196386,0.0005245589112746529,0.0005229060567216948,0.0016528557054698468,18.0,0.06183333704792656,0.06183333704792656,0.00044763251207768917,0.00044626978342421353,0.001362727489322424,50000
109000,0.010000000000000009,53,13.0,0.08157132306073009,0.08157132306073009,0.0005273552305880003,0.0005257380369585007,0.0016171941300854088,6.0,0.022667839706049173,0.022667839706049173,0.0004646854067686945,0.00046331435441970825,0.0013710613129660487,50000
110000,0.010000000000000009,53,13.0,0.08157132306073009,0.08157132306073009,0.0005273552305880003,0.0005257380369585007,0.0016171941300854088,16.0,0.05591227884978562,0.05591227884978562,0.00045077415416017175,0.0004494095337577164,0.0013646265724673867,50000
111000,0.010000000000000009,54,14.0,0.08057134781772435,0.08057134781772435,0.0005308373583829962,0.0005292518661008216,0.0015854943136218934,6.0,0.021931043552025613,0.021931043552025613,0.00045697137829847634,0.00045562375453300774,0.001347626675851643,50000
112000,0.010000000000000009,54,14.0,0.08057134781772435,0.08057134781772435,0.0005308373583829962,0.0005292518661008216,0.0015854943136218934,19.0,0.05826459310278913,0.05826459310278913,0.00047920094220899045,0.00047787235234864056,0.0013285786844789982,50000
113000,0.010000000000000009,55,15.2,0.07990204911035506,0.07990204911035506,0.0005311007364070975,0.0005295448252581991,0.0015559147403109818,5.0,0.0188626010119433,0.0188626010119433,0.0004972547176294029,0.000495938234962523,0.0013164555421099067,50000
114000,0.010000000000000009,55,15.2,0.07990204911035506,0.07990204911035506,0.0005311007364070975,0.0005295448252581991,0.0015559147403109818,16.0,0.05438223585187728,0.05438223585187728,0.0004819100722670555,0.00048060360131785274,0.0013064768863841891,50000
115000,0.010000000000000009,56,16.25,0.07912894847721101,0.07912894847721101,0.0005322030090610496,0.0005306767547153868,0.0015262565517332404,6.0,0.01832063869713593,0.01832063869713593,0.00045976057299412787,0.000458458554930985,0.001302012475207448,50000
116000,0.010000000000000009,56,16.25,0.07912894847721101,0.07912894847721101,0.0005322030090610496,0.0005306767547153868,0.0015262565517332404,18.0,0.05554005541729737,0.05554005541729737,0.00043354934314265847,0.0004322603635955602,0.0012889934005215764,50000
117000,0.010000000000000009,57,17.35,0.07853284140691712,0.07853284140691712,0.0005354799039196223,0.0005339809256838634,0.0014989813207648695,6.0,0.016221064195061214,0.016221064195061214,0.00044717753189615905,0.00044589032768271863,0.0012872008373960853,50000
118000,0.010000000000000009,57,17.35,0.07853284140691712,0.07853284140691712,0.0005354799039196223,0.0005339809256838634,0.0014989813207648695,19.0,0.050326269607350954,0.050326269607350954,0.0005111125065013766,0.0005098458495922387,0.00126663560513407,50000
119000,0.010000000000000009,58,18.6,0.07771241374746592,0.07771241374746592,0.0005374598607886582,0.0005359859438613057,0.0014739197678864003,5.0,0.014711781930334514,0.014711781930334514,0.0004959727521054447,0.0004947420093230903,0.0012307692086324096,50000
120000,0.010000000000000009,58,18.6,0.07771241374746592,0.07771241374746592,0.0005374598607886582,0.0005359859438613057,0.0014739197678864003,17.0,0.04983677694664546,0.04983677694664546,0.00044369770330376923,0.0004424723156262189,0.0012253874447196722,50000
121000,0.010000000000000009,59,19.8,0.07698277578563963,0.07698277578563963,0.0005385260097682476,0.0005370746861444786,0.001451326027745381,5.0,0.013119802383495832,0.013119802383495832,0.0004741640586871654,0.00047289516078308225,0.0012688969727605581,50000
122000,0.010000000000000009,59,19.8,0.07698277578563963,0.07698277578563963,0.0005385260097682476,0.0005370746861444786,0.001451326027745381,16.0,0.04891275645727702,0.04891275645727702,0.00047190606710501015,0.00047067689592950046,0.0012291796738281846,50000
123000,0.010000000000000009,60,20.7,0.07648014939193297,0.07648014939193297,0.0005408740718849004,0.0005394458828959614,0.001428193401079625,3.0,0.01206713852313648,0.01206713852313648,0.0005028456798754632,0.0005016523646190763,0.0011933395871892571,50000
124000,0.010000000000000009,60,20.7,0.07648014939193297,0.07648014939193297,0.0005408740718849004,0.0005394458828959614,0.001428193401079625,14.0,0.04837341370784812,0.04837341370784812,0.0005038839881308377,0.0005027130828239024,0.0011709332466125488,50000
125000,0.010000000000000009,61,21.45,0.07593440200993204,0.07593440200993204,0.0005392499529989436,0.0005378453555749729,0.0014046030875761062,3.0,0.009925263296324137,0.009925263296324137,0.000496305467095226,0.0004951449809595942,0.0011605070903897285,50000
126000,0.010000000000000009,61,21.45,0.07593440200993204,0.07593440200993204,0.0005392499529989436,0.0005378453555749729,0.0014046030875761062,16.0,0.04483369127819495,0.04483369127819495,0.0005145806935615838,0.0005134085076861084,0.0011722026392817497,50000
127000,0.010000000000000009,62,21.9,0.07531565181029339,0.07531565181029339,0.0005386853532399982,0.0005373025487642735,0.0013828087947331368,2.0,0.009096532148241384,0.009096532148241384,0.0004842171911150217,0.0004830691614188254,0.0011480154935270548,50000
128000,0.010000000000000009,62,21.9,0.07531565181029339,0.07531565181029339,0.0005386853532399982,0.0005373025487642735,0.0013828087947331368,12.0,0.043696752490028204,0.043696752490028204,0.0004986306885257363,0.0004974970943294466,0.0011336087482050061,50000
129000,0.010000000000000009,63,22.15,0.07487025996615934,0.07487025996615934,0.0005384770833188668,0.0005371182603994384,0.0013588274945504964,2.0,0.006827242837323399,0.006827242837323399,0.0004466882674023509,0.0004455850285012275,0.0011032485635951161,50000
130000,0.010000000000000009,63,22.15,0.07487025996615934,0.07487025996615934,0.0005384770833188668,0.0005371182603994384,0.0013588274945504964,14.0,0.03919198001485035,0.03919198001485035,0.00041517577483318746,0.0004140717792324722,0.0011039999080821872,50000
131000,0.010000000000000009,64,22.25,0.07431808573668983,0.07431808573668983,0.0005354432039894163,0.0005341074836906045,0.001335725496755913,2.0,0.005728933360561213,0.005728933360561213,0.0004392321570776403,0.00043814253876917064,0.0010896300664171576,50000
132000,0.010000000000000009,64,22.25,0.07431808573668983,0.07431808573668983,0.0005354432039894163,0.0005341074836906045,0.001335725496755913,11.0,0.04080808759021304,0.04080808759021304,0.0005084644071757793,0.0005073919892311096,0.0010724214371293783,50000
133000,0.010000000000000009,65,22.25,0.07398442556349609,0.07398442556349609,0.0005369962338590995,0.0005356850597308949,0.001311181316850707,1.0,0.0033525381773701346,0.0033525381773701346,0.0004194496141280979,0.0004184012650512159,0.0010483560618013144,50000
134000,0.010000000000000009,65,22.25,0.07398442556349609,0.07398442556349609,0.0005369962338590995,0.0005356850597308949,0.001311181316850707,11.0,0.037427971158122644,0.037427971158122644,0.00042637973092496395,0.0004253291990607977,0.001050522900186479,50000
135000,0.010000000000000009,66,22.15,0.07371996107811704,0.07371996107811704,0.0005401350033935159,0.0005388494028011337,0.0012856073095463215,1.0,0.0023176995074203326,0.0023176995074203326,0.0004187733866274357,0.00041772800614126027,0.0010453847935423255,50000
136000,0.010000000000000009,66,22.15,0.07371996107811704,0.07371996107811704,0.0005401350033935159,0.0005388494028011337,0.0012856073095463215,11.0,0.03475376459490923,0.03475376459490923,0.00045263348147273064,0.0004515918262768537,0.0010416604345664382,50000
137000,0.010000000000000009,67,22.2,0.0732385104085159,0.0732385104085159,0.0005383566924137995,0.0005370947445044294,0.0012619548360817134,0.0,0.000857592361446451,0.000857592361446451,0.0004528130521066487,0.000451776577392593,0.0010364704066887498,50000
138000,0.010000000000000009,67,22.2,0.0732385104085159,0.0732385104085159,0.0005383566924137995,0.0005370947445044294,0.0012619548360817134,9.0,0.03412726800925969,0.03412726800925969,0.00045432246406562626,0.00045329370186664164,0.0010287617333233356,50000
139000,0.010000000000000009,67,22.2,0.0732385104085159,0.0732385104085159,0.0005383566924137995,0.0005370947445044294,0.0012619548360817134,22.0,0.06748381592925179,0.06748381592925179,0.0005350029096007347,0.0005339857889339328,0.0010171318426728249,50000
140000,0.010000000000000009,68,22.15,0.07281947359852409,0.07281947359852409,0.0005371773266233503,0.0005359382485039532,0.0012390857213176788,9.0,0.034444208688389176,0.034444208688389176,0.0004765845078509301,0.00047556680510751903,0.0010176908690482378,50000
141000,0.010000000000000009,68,22.15,0.07281947359852409,0.07281947359852409,0.0005371773266233503,0.0005359382485039532,0.0012390857213176788,21.0,0.06881563892368019,0.06881563892368019,0.000553651072550565,0.0005526476306840777,0.0010034217266365886,50000
142000,0.010000000000000009,69,22.0,0.07252725252877959,0.07252725252877959,0.0005354203545721248,0.0005342037067748607,0.0012166559172328562,8.0,0.031724722266818176,0.031724722266818176,0.0005210337112657726,0.0005200402811169624,0.0009934199042618275,50000
143000,0.010000000000000009,69,22.0,0.07252725252877959,0.07252725252877959,0.0005354203545721248,0.0005342037067748607,0.0012166559172328562,20.0,0.0659058262021328,0.0659058262021328,0.0005456205690279603,0.000544633949175477,0.0009865976171568036,50000
144000,0.010000000000000009,70,22.1,0.07207166685273847,0.07207166685273847,0.0005329117353539914,0.0005317181930877268,0.0011935509275645018,10.0,0.029211001986707154,0.029211001986707154,0.0004798495792783797,0.0004788710211869329,0.0009785436559468508,50000
145000,0.010000000000000009,70,22.1,0.07207166685273847,0.07207166685273847,0.0005329117353539914,0.0005317181930877268,0.0011935509275645018,21.0,0.06177609340298472,0.06177609340298472,0.00048600471927784383,0.000485023861983791,0.0009808538015931845,50000
146000,0.010000000000000009,71,21.9,0.07164930434745789,0.07164930434745789,0.0005304224177962169,0.000529249751707539,0.0011726744647603481,11.0,0.027501601259809133,0.027501601259809133,0.00044363472261466086,0.00044265255564823747,0.0009821692947298288,50000
147000,0.010000000000000009,71,21.9,0.07164930434745789,0.07164930434745789,0.0005304224177962169,0.000529249751707539,0.0011726744647603481,23.0,0.059828430944786126,0.059828430944786126,0.00048033398343250155,0.00047936299233697355,0.0009709974401630461,50000
148000,0.010000000000000009,72,22.05,0.07114370185277774,0.07114370185277774,0.0005281803663820028,0.0005270287860184908,0.0011515867343405261,9.0,0.026605104000397818,0.026605104000397818,0.0004750892985612154,0.00047412278945557773,0.0009665198740549386,50000
149000,0.010000000000000009,72,22.05,0.07114370185277774,0.07114370185277774,0.0005281803663820028,0.0005270287860184908,0.0011515867343405261,20.0,0.05897216705276486,0.05897216705276486,0.00044446534593589604,0.0004435085575096309,0.0009567883680574596,50000
150000,0.010000000000000009,73,22.2,0.07079435001184667,0.07079435001184667,0.0005277401447528973,0.0005266094289254397,0.0011307221924653278,9.0,0.024616464347791918,0.024616464347791918,0.0004801304021384567,0.00047911034198477864,0.0010200644610449672,50000
151000,0.010000000000000009,73,22.2,0.07079435001184667,0.07079435001184667,0.0005277401447528973,0.0005266094289254397,0.0011307221924653278,21.0,0.05600369315744311,0.05600369315744311,0.00040847118361853063,0.0004074907337781042,0.0009804504225030541,50000
152000,0.010000000000000009,74,22.45,0.07057985686118298,0.07057985686118298,0.0005292855668812991,0.0005281736317556352,0.0011119400296593085,8.0,0.02318232397210697,0.02318232397210697,0.00042418125667609274,0.00042321314685977995,0.0009681001538410783,50000
153000,0.010000000000000009,74,22.45,0.07057985686118298,0.07057985686118298,0.0005292855668812991,0.0005281736317556352,0.0011119400296593085,18.0,0.05738200311049292,0.05738200311049292,0.0004934589960612357,0.0004925023531541228,0.000956654199399054,50000
154000,0.010000000000000009,75,22.3,0.07025561383938073,0.07025561383938073,0.0005286553670885042,0.0005275612405966967,0.0010941289539914579,7.0,0.02241748938971716,0.02241748938971716,0.00047572312178090215,0.0004747520142700523,0.0009711087332107127,50000
155000,0.010000000000000009,75,22.3,0.07025561383938073,0.07025561383938073,0.0005286553670885042,0.0005275612405966967,0.0010941289539914579,18.0,0.05522053315594668,0.05522053315594668,0.0004837492888327688,0.0004827877855859697,0.0009614945738576353,50000
156000,0.010000000000000009,76,22.4,0.07006992708894705,0.07006992708894705,0.0005282746278680861,0.0005271979636745528,0.0010766670398879795,9.0,0.02152040024996292,0.02152040024996292,0.000491447513923049,0.0004904950619675219,0.0009524446213617921,50000
157000,0.010000000000000009,76,22.4,0.07006992708894705,0.07006992708894705,0.0005282746278680861,0.0005271979636745528,0.0010766670398879795,21.0,0.05305708611313094,0.05305708611313094,0.0004689795896410942,0.000468025536974892,0.000954044982790947,50000
158000,0.010000000000000009,77,22.5,0.06969186483375064,0.06969186483375064,0.0005285061924951151,0.0005274458846542985,0.0010603104397887363,5.0,0.018078996264836465,0.018078996264836465,0.00046619900967925787,0.00046525427023880184,0.0009447403717786074,50000
159000,0.010000000000000009,77,22.5,0.06969186483375064,0.06969186483375064,0.0005285061924951151,0.0005274458846542985,0.0010603104397887363,16.0,0.05074781867079503,0.05074781867079503,0.00046760874101892114,0.00046667581773363054,0.0009329354506917298,50000
160000,0.010000000000000009,78,22.25,0.06953238821752228,0.06953238821752228,0.0005264692270429804,0.0005254234944004566,0.0010457356576807797,6.0,0.018492399548748432,0.018492399548748432,0.0005023204139433801,0.000501386180985719,0.0009342242265120149,50000
161000,0.010000000000000009,78,22.25,0.06953238821752228,0.06953238821752228,0.0005264692270429804,0.0005254234944004566,0.0010457356576807797,16.0,0.051368572736320034,0.051368572736320034,0.0004975053598172963,0.0004965753760188818,0.000929991714656353,50000
162000,0.010000000000000009,79,22.1,0.06941165552441464,0.06941165552441464,0.0005241684149950743,0.0005231414717854932,0.0010269459773553536,6.0,0.016094465050764145,0.016094465050764145,0.00048572293599136174,0.0004848022945225239,0.000920640944968909,50000
163000,0.010000000000000009,79,22.1,0.06941165552441464,0.06941165552441464,0.0005241684149950743,0.0005231414717854932,0.0010269459773553536,17.0,0.0485950468848226,0.0485950468848226,0.0005041208933107555,0.0005032054614275694,0.0009154159342870116,50000
164000,0.010000000000000009,80,22.05,0.06913997230636307,0.06913997230636307,0.0005242315790383145,0.0005232190509559586,0.0010125312925083562,5.0,0.014183791363808677,0.014183791363808677,0.0005119306733831763,0.0005110193742439151,0.0009112886036746204,50000
165000,0.010000000000000009,80,22.05,0.06913997230636307,0.06913997230636307,0.0005242315790383145,0.0005232190509559586,0.0010125312925083562,18.0,0.04693063541324221,0.04693063541324221,0.0004923901287838817,0.0004914762685075402,0.0009138805908150971,50000
166000,0.010000000000000009,81,22.2,0.06875443761923843,0.06875443761923843,0.0005268659471767024,0.0005258665361907334,0.0009994143183575943,6.0,0.0130516583984091,0.0130516583984091,0.000464447308331728,0.00046354925143532455,0.0008980529382824898,50000
167000,0.010000000000000009,81,22.2,0.06875443761923843,0.06875443761923843,0.0005268659471767024,0.0005258665361907334,0.0009994143183575943,18.0,0.045357897192782375,0.045357897192782375,0.0004842138150706887,0.0004832981212530285,0.0009156967280432582,50000
168000,0.010000000000000009,82,22.35,0.06859527420370566,0.06859527420370566,0.0005296695715514943,0.0005286828411044553,0.0009867334883892909,4.0,0.011333419330647843,0.011333419330647843,0.0004692947259172797,0.00046839521382935345,0.0008995235548354685,50000
169000,0.010000000000000009,82,22.35,0.06859527420370566,0.06859527420370566,0.0005296695715514943,0.0005286828411044553,0.0009867334883892909,13.0,0.04231873689452039,0.04231873689452039,0.00046553078573197126,0.00046464570914395154,0.0008850734448060393,50000
170000,0.010000000000000009,83,22.4,0.06826062186784754,0.06826062186784754,0.0005267137952614575,0.0005257371434709057,0.000976654762052931,5.0,0.010915388212950017,0.010915388212950017,0.00038315303390845656,0.00038225832395255566,0.0008947133319452405,50000
171000,0.010000000000000009,83,22.4,0.06826062186784754,0.06826062186784754,0.0005267137952614575,0.0005257371434709057,0.000976654762052931,15.0,0.04249498476314077,0.04249498476314077,0.00043339733383618295,0.00043251673923805356,0.0008805934921838343,50000
172000,0.010000000000000009,84,22.3,0.06808925341195418,0.06808925341195418,0.0005285066930809989,0.0005275402188999578,0.0009664757468272001,3.0,0.008574241105917207,0.008574241105917207,0.00048211083048954606,0.0004811650433111936,0.0009457967826165259,50000
173000,0.010000000000000009,84,22.3,0.06808925341195418,0.06808925341195418,0.0005285066930809989,0.0005275402188999578,0.0009664757468272001,14.0,0.03961629511350951,0.03961629511350951,0.00038130159373395145,0.0003803988511208445,0.0009027528576552868,50000
174000,0.010000000000000009,85,22.45,0.067663357717455,0.067663357717455,0.0005242474770057015,0.0005232891286141239,0.0009583493578247726,3.0,0.0077298984999692785,0.0077298984999692785,0.0005012264591641724,0.000500339490827173,0.0008869547164067626,50000
175000,0.010000000000000009,85,22.45,0.067663357717455,0.067663357717455,0.0005242474770057015,0.0005232891286141239,0.0009583493578247726,15.0,0.03934650937456955,0.03934650937456955,0.0005038268864154816,0.0005029498133808374,0.0008770893909968436,50000
176000,0.010000000000000009,86,22.7,0.06747090387736494,0.06747090387736494,0.0005240337966824881,0.0005230859344010242,0.0009478614607360214,3.0,0.006029607281632319,0.006029607281632319,0.00050459208432585,0.0005037362570874393,0.0008558520348742604,50000
177000,0.010000000000000009,86,22.7,0.06747090387736494,0.06747090387736494,0.0005240337966824881,0.0005230859344010242,0.0009478614607360214,13.0,0.03756675609157307,0.03756675609157307,0.0004996923380531371,0.0004988459986634552,0.0008463404374197125,50000
178000,0.010000000000000009,87,22.75,0.06732596655940852,0.06732596655940852,0.0005256843272945843,0.0005247457200312055,0.0009386051271576435,0.0,0.004106176312238079,0.004106176312238079,0.000477158697322011,0.0004763109318446368,0.0008477513329125941,50000
179000,0.010000000000000009,87,22.75,0.06732596655940852,0.06732596655940852,0.0005256843272945843,0.0005247457200312055,0.0009386051271576435,9.0,0.03663951955442752,0.03663951955442752,0.000447501108283177,0.00044666248140856624,0.0008386291447095573,50000
180000,0.010000000000000009,88,22.55,0.06723242427371659,0.06723242427371659,0.0005275831223116257,0.0005266538370051421,0.0009292827307945117,1.0,0.0029065821995828286,0.0029065821995828286,0.00048467807937413454,0.0004838412278331816,0.000836846767924726,50000
181000,0.010000000000000009,88,22.55,0.06723242427371659,0.06723242427371659,0.0005275831223116257,0.0005266538370051421,0.0009292827307945117,14.0,0.03488143681536093,0.03488143681536093,0.0004820252943318337,0.00048118337872438133,0.0008419095538556576,50000
182000,0.010000000000000009,89,22.7,0.06695479939980867,0.06695479939980867,0.0005299855474731885,0.0005290647255606018,0.0009208190283970907,0.0,0.0013211719225055922,0.0013211719225055922,0.000490413571242243,0.0004895806778222322,0.000832906982395798,50000
183000,0.010000000000000009,89,22.7,0.06695479939980867,0.06695479939980867,0.0005299855474731885,0.0005290647255606018,0.0009208190283970907,11.0,0.030598358903931526,0.030598358903931526,0.000506177602801472,0.0005053490749560297,0.0008285398362204432,50000
184000,0.010000000000000009,90,22.75,0.06660911178757038,0.06660911178757038,0.0005316431503160857,0.0005307310013449751,0.0009121453680563718,0.0,0.0,0.0,0.0005347722326405346,0.0005339598865248263,0.0008123496663756669,50000
185000,0.010000000000000009,90,22.75,0.06660911178757038,0.06660911178757038,0.0005316431503160857,0.0005307310013449751,0.0009121453680563718,10.0,0.030468952908130897,0.030468952908130897,0.00041948945727199316,0.00041867734398692846,0.0008120989659801126,50000
186000,0.010000000000000009,90,22.75,0.06660911178757038,0.06660911178757038,0.0005316431503160857,0.0005307310013449751,0.0009121453680563718,22.0,0.060835173165794836,0.060835173165794836,0.0004602935223374516,0.0004594755591824651,0.000817973050288856,50000
187000,0.010000000000000009,91,22.8,0.06638354559925401,0.06638354559925401,0.0005317289425875061,0.0005308254840201698,0.0009034543007146567,8.0,0.028916468827648648,0.028916468827648648,0.0003440525324549526,0.0003432619269005954,0.0007906139362603426,50000
188000,0.010000000000000009,91,22.8,0.06638354559925401,0.06638354559925401,0.0005317289425875061,0.0005308254840201698,0.0009034543007146567,19.0,0.06082247177050555,0.06082247177050555,0.0005129493656568229,0.0005121594876982272,0.0007898899493739009,50000
189000,0.010000000000000009,92,22.5,0.06624959737645188,0.06624959737645188,0.00053529149008682,0.000534397097362671,0.0008943887631176039,10.0,0.028951906698660792,0.028951906698660792,0.0004502536612562835,0.0004494059248827398,0.0008477438241243362,50000
190000,0.010000000000000009,92,22.5,0.06624959737645188,0.06624959737645188,0.00053529149008682,0.000534397097362671,0.0008943887631176039,21.0,0.05880593639268162,0.05880593639268162,0.0003603803052101284,0.0003595723246689886,0.0008079834515228868,50000
191000,0.010000000000000009,93,22.4,0.0660320775911043,0.0660320775911043,0.0005366651734220795,0.0005357780566555448,0.0008871137979440391,7.0,0.027046471086122896,0.027046471086122896,0.0004682590370066464,0.00046745178406126797,0.0008072657510638237,50000
192000,0.010000000000000009,93,22.4,0.0660320775911043,0.0660320775911043,0.0005366651734220795,0.0005357780566555448,0.0008871137979440391,20.0,0.05782956546873471,0.05782956546873471,0.00045513035729527473,0.00045434932690113783,0.0007810347597114742,50000
193000,0.010000000000000009,94,22.2,0.0659217884717073,0.0659217884717073,0.0005370920480345376,0.000536214750900399,0.0008772953966399655,8.0,0.02556070429807454,0.02556070429807454,0.0004178786475677043,0.0004170960746705532,0.0007825799402780831,50000
194000,0.010000000000000009,94,22.2,0.0659217884717073,0.0659217884717073,0.0005370920480345376,0.000536214750900399,0.0008772953966399655,20.0,0.05556901118974634,0.05556901118974634,0.0005060521070845425,0.000505288946442306,0.0007631772314198315,50000
195000,0.010000000000000009,95,22.3,0.0656239238905333,0.0656239238905333,0.0005366051671444438,0.0005357376139727421,0.0008675517601659521,8.0,0.023801839259270336,0.023801839259270336,0.00042321329237893224,0.00042245216900482774,0.0007611152250319719,50000
196000,0.010000000000000009,95,22.3,0.0656239238905333,0.0656239238905333,0.0005366051671444438,0.0005357376139727421,0.0008675517601659521,21.0,0.05394037976763727,0.05394037976763727,0.0003988984681200236,0.0003981400514021516,0.0007584288250654936,50000
197000,0.010000000000000009,96,22.35,0.06533636779577214,0.06533636779577214,0.0005350533945602364,0.0005341958443750627,0.0008575493440730498,8.0,0.02257372808442962,0.02257372808442962,0.0004891757853329182,0.000488419143948704,0.0007566543645225465,50000
198000,0.010000000000000009,96,22.35,0.06533636779577214,0.06533636779577214,0.0005350533945602364,0.0005341958443750627,0.0008575493440730498,18.0,0.053186269467464256,0.053186269467464256,0.000490305945277214,0.0004895617021247745,0.0007442617206834257,50000
199000,0.010000000000000009,97,22.15,0.06510682867603787,0.06510682867603787,0.0005350323408492841,0.0005341853553545661,0.0008469832711853087,8.0,0.021177560151201938,0.021177560151201938,0.0004426019440870732,0.0004418645112309605,0.000737437279894948,50000
200000,0.010000000000000009,97,22.15,0.06510682867603787,0.06510682867603787,0.0005350323408492841,0.0005341853553545661,0.0008469832711853087,20.0,0.050630116572959696,0.050630116572959696,0.0004884513909928501,0.0004877227183897048,0.0007286638137884438,50000
201000,0.010000000000000009,98,22.35,0.06481601659990434,0.06481601659990434,0.0005344391203834676,0.0005336027752491646,0.0008363419561646879,6.0,0.02061879742677362,0.02061879742677362,0.00042599416337907314,0.0004251826030667871,0.0008115580421872437,50000
202000,0.010000000000000009,98,22.35,0.06481601659990434,0.06481601659990434,0.0005344391203834676,0.0005336027752491646,0.0008363419561646879,17.0,0.050507253613777836,0.050507253613777836,0.00048707015230320394,0.0004863033245783299,0.0007668246980756521,50000
203000,0.010000000000000009,99,22.35,0.06455455533911474,0.06455455533911474,0.0005365101140341721,0.0005356825437047519,0.0008275660453364253,5.0,0.019345250092842072,0.019345250092842072,0.00042558182030916214,0.0004248153418302536,0.0007664719596505165,50000
204000,0.010000000000000009,99,22.35,0.06455455533911474,0.06455455533911474,0.0005365101140341721,0.0005356825437047519,0.0008275660453364253,10.0,0.0480586619766095,0.0480586619766095,0.0004985569976270199,0.0004978020442649722,0.0007549389265477657,50000
205000,0.010000000000000009,100,22.0,0.06423538538656658,0.06423538538656658,0.0005377540379413404,0.000536934936826583,0.0008190955268219113,5.0,0.01714077458713968,0.01714077458713968,0.000528817530721426,0.0005279561737552285,0.0008613310637883842,50000
206000,0.010000000000000009,100,22.0,0.06423538538656658,0.06423538538656658,0.0005377540379413404,0.000536934936826583,0.0008190955268219113,15.0,0.04744018288453498,0.04744018288453498,0.0005216760328039527,0.0005208630464039743,0.0008130073547363281,50000
207000,0.010000000000000009,101,21.75,0.06403450661708136,0.06403450661708136,0.0005346413658116944,0.0005338278497220017,0.0008135090029099956,7.0,0.015641701502682688,0.015641701502682688,0.00047847951645962894,0.00047770902165211737,0.0007704971358180046,50000
208000,0.010000000000000009,101,21.75,0.06403450661708136,0.06403450661708136,0.0005346413658116944,0.0005338278497220017,0.0008135090029099956,17.0,0.044176999135757164,0.044176999135757164,0.0004607256851159036,0.00045999448047950864,0.000731215754058212,50000
209000,0.010000000000000009,102,21.6,0.0637092461198848,0.0637092461198848,0.0005341420546756126,0.0005333375083864667,0.0008045406342716887,4.0,0.014080018793145929,0.014080018793145929,0.0003200304345227778,0.0003193264710716903,0.0007039638003334403,50000
210000,0.010000000000000009,102,21.6,0.0637092461198848,0.0637092461198848,0.0005341420546756126,0.0005333375083864667,0.0008045406342716887,15.0,0.04394168175056953,0.04394168175056953,0.00045851364848203957,0.000457809423096478,0.0007042352808639407,50000
211000,0.010000000000000009,103,21.55,0.06346283076556827,0.06346283076556827,0.0005342328469851055,0.0005334388624760322,0.0007939814327983186,4.0,0.013047823186853581,0.013047823186853581,0.0004372249823063612,0.00043653143802657723,0.0006935482961125672,50000
212000,0.010000000000000009,103,21.55,0.06346283076556827,0.06346283076556827,0.0005342328469851055,0.0005334388624760322,0.0007939814327983186,14.0,0.04250911760389302,0.04250911760389302,0.000412479363149032,0.00041180476546287537,0.0006746072904206812,50000
213000,0.010000000000000009,104,21.4,0.0632109394878962,0.0632109394878962,0.0005325004094629548,0.0005317165298038163,0.0007838757534045726,4.0,0.011391156851214576,0.011391156851214576,0.0003890252555720508,0.00038834341103211045,0.0006818418623879552,50000
214000,0.010000000000000009,104,21.4,0.0632109394878962,0.0632109394878962,0.0005325004094629548,0.0005317165298038163,0.0007838757534045726,15.0,0.04046957829928972,0.04046957829928972,0.00038857670733705163,0.000387907843105495,0.0006688683060929179,50000
215000,0.010000000000000009,105,21.35,0.06306620996612902,0.06306620996612902,0.0005329715058906004,0.0005321983015164732,0.0007732006430160254,2.0,0.010296522462542741,0.010296522462542741,0.0004943515523336828,0.0004936921177431941,0.000659438141155988,50000
216000,0.010000000000000009,105,21.35,0.06306620996612902,0.06306620996612902,0.0005329715058906004,0.0005321983015164732,0.0007732006430160254,15.0,0.041928645953657896,0.041928645953657896,0.0004875226877629757,0.00048686147783882916,0.0006611954304389656,50000
217000,0.010000000000000009,106,21.25,0.0628869785530489,0.0628869785530489,0.000531080793007277,0.0005303166311932727,0.0007641578471520915,4.0,0.009129294690427866,0.009129294690427866,0.00049097795272246,0.0004902730579487979,0.0007048830739222467,50000
218000,0.010000000000000009,106,21.25,0.0628869785530489,0.0628869785530489,0.000531080793007277,0.0005303166311932727,0.0007641578471520915,16.0,0.0394966826417979,0.0394966826417979,0.00048176926793530583,0.0004811051767319441,0.0006641006330028176,50000
219000,0.010000000000000009,107,21.4,0.0627103754284831,0.0627103754284831,0.0005315431713825092,0.0005307897634338587,0.0007534045522334054,2.0,0.006899316896413053,0.006899316896413053,0.0004990059533156455,0.0004983724793419242,0.0006334760109893978,50000
220000,0.010000000000000009,107,21.4,0.0627103754284831,0.0627103754284831,0.0005315431713825092,0.0005307897634338587,0.0007534045522334054,13.0,0.03588659579409736,0.03588659579409736,0.0005054622306488454,0.0005048387101851404,0.0006235336186364293,50000
221000,0.010000000000000009,108,21.6,0.06239215207947949,0.06239215207947949,0.0005291318171657622,0.0005283860489726066,0.0007457630039425567,3.0,0.0061476479323790195,0.0061476479323790195,0.0004766864876728505,0.00047602716949768364,0.0006593233556486666,50000
222000,0.010000000000000009,108,21.6,0.06239215207947949,0.06239215207947949,0.0005291318171657622,0.0005283860489726066,0.0007457630039425567,16.0,0.03502368414392179,0.03502368414392179,0.0004980316734872758,0.0004974004114046693,0.0006312482291832566,50000
223000,0.010000000000000009,109,21.7,0.06210141498943306,0.06210141498943306,0.0005286766274366528,0.0005279421544400975,0.0007344681856920942,1.0,0.005242215215623857,0.005242215215623857,0.0005167057970538735,0.0005160989239811897,0.0006068794173188508,50000
224000,0.010000000000000009,109,21.7,0.06210141498943306,0.06210141498943306,0.0005286766274366528,0.0005279421544400975,0.0007344681856920942,5.0,0.036647329607057126,0.036647329607057126,0.0005026996950618923,0.0005020942189730704,0.0006054547848179936,50000
225000,0.010000000000000009,110,21.25,0.062167576021858406,0.062167576021858406,0.0005296723742503673,0.0005289485590765253,0.0007238113466883078,1.0,0.0032931697642351885,0.0032931697642351885,0.0004374333657324314,0.00043684555566869676,0.0005878022057004273,50000
226000,0.010000000000000009,110,21.25,0.062167576021858406,0.062167576021858406,0.0005296723742503673,0.0005289485590765253,0.0007238113466883078,12.0,0.031986769265527557,0.031986769265527557,0.00044417791650630534,0.0004435931332409382,0.0005847785505466163,50000
227000,0.010000000000000009,111,21.25,0.061930847186285706,0.061930847186285706,0.0005296491784974932,0.0005289367982186377,0.0007123778806999326,0.0,0.00260106471897709,0.00260106471897709,0.0004967085551470518,0.0004961287486366928,0.0005798276397399604,50000
228000,0.010000000000000009,111,21.25,0.061930847186285706,0.061930847186285706,0.0005296491784974932,0.0005289367982186377,0.0007123778806999326,10.0,0.03212620465685172,0.03212620465685172,0.0004714339738711715,0.0004708690685220063,0.0005648989463225007,50000
229000,0.010000000000000009,112,21.45,0.06175260438378518,0.06175260438378518,0.0005275315110338852,0.0005268302600597962,0.0007012495218077675,0.0,0.0013323971906301537,0.0013323971906301537,0.0004495711764320731,0.0004490024584811181,0.0005687042721547186,50000
230000,0.010000000000000009,112,21.45,0.06175260438378518,0.06175260438378518,0.0005275315110338852,0.0005268302600597962,0.0007012495218077675,11.0,0.03197704438138692,0.03197704438138692,0.0004300265572965145,0.0004293865931686014,0.00063995091477409,50000
231000,0.010000000000000009,112,21.45,0.06175260438378518,0.06175260438378518,0.0005275315110338852,0.0005268302600597962,0.0007012495218077675,22.0,0.06208060253300888,0.06208060253300888,0.00045041486737318337,0.000449817773187533,0.0005971019854769111,50000
232000,0.010000000000000009,113,21.45,0.06168455479026245,0.06168455479026245,0.0005247096676612272,0.0005240191268967465,0.0006905407120939344,11.0,0.0287019137937135,0.0287019137937135,0.0003624621604103595,0.00036189629463478923,0.0005658705485984683,50000
233000,0.010000000000000009,113,21.45,0.06168455479026245,0.06168455479026245,0.0005247096676612272,0.0005240191268967465,0.0006905407120939344,23.0,0.05939529809445035,0.05939529809445035,0.000424457568442449,0.00042389953159727156,0.0005580502329394221,50000
234000,0.010000000000000009,114,21.55,0.06154748940145762,0.06154748940145762,0.0005244934989605099,0.0005238143843598664,0.0006791145046008751,9.0,0.028917311411878123,0.028917311411878123,0.000340651604346931,0.00034002118627540767,0.00063042197143659,50000
235000,0.010000000000000009,114,21.55,0.06154748940145762,0.06154748940145762,0.0005244934989605099,0.0005238143843598664,0.0006791145046008751,23.0,0.05865632261068592,0.05865632261068592,0.0004897188046015799,0.0004891216522082686,0.0005971729988232255,50000
236000,0.010000000000000009,115,21.55,0.06147870263004934,0.06147870263004934,0.00052438696147874,0.000523716100724414,0.0006708628701744601,11.0,0.02648317620978316,0.02648317620978316,0.00046529198880307376,0.0004647174209821969,0.0005745569942519069,50000
237000,0.010000000000000009,115,21.55,0.06147870263004934,0.06147870263004934,0.00052438696147874,0.000523716100724414,0.0006708628701744601,21.0,0.056471830005060536,0.056471830005060536,0.0004171859472990036,0.00041657689143903553,0.0006090539391152561,50000
238000,0.010000000000000009,116,21.45,0.06141517915222122,0.06141517915222122,0.0005258032062556595,0.0005251363007118925,0.0006669060472631827,10.0,0.024345692048887525,0.024345692048887525,0.0004816751752514392,0.0004810555255971849,0.0006196550093591213,50000
239000,0.010000000000000009,116,21.45,0.06141517915222122,0.06141517915222122,0.0005258032062556595,0.0005251363007118925,0.0006669060472631827,20.0,0.052190124207556574,0.052190124207556574,0.0004195920191705227,0.0004190248146187514,0.0005671982071362436,50000
240000,0.010000000000000009,117,21.45,0.06119443547617696,0.06119443547617696,0.0005235592048848048,0.0005229013186180964,0.0006578878179425374,8.0,0.022926995770350397,0.022926995770350397,0.0004648812464438379,0.00046433936222456396,0.0005418856744654477,50000
241000,0.010000000000000009,117,21.45,0.06119443547617696,0.06119443547617696,0.0005235592048848048,0.0005229013186180964,0.0006578878179425374,20.0,0.05025158558044769,0.05025158558044769,0.00047406330122612417,0.00047353681293316185,0.0005264792707748711,50000
242000,0.010000000000000009,118,21.35,0.06094394902924185,0.06094394902924185,0.0005232121242443099,0.0005225644476013258,0.0006476789945736528,8.0,0.022438212473472753,0.022438212473472753,0.0004972409224137664,0.0004967331769876182,0.0005077362875454128,50000
243000,0.010000000000000009,118,21.35,0.06094394902924185,0.06094394902924185,0.0005232121242443099,0.0005225644476013258,0.0006476789945736528,18.0,0.05150381767068448,0.05150381767068448,0.00047467395779676735,0.0004741614393424243,0.0005125247989781201,50000
244000,0.010000000000000009,119,21.3,0.06081168922261706,0.06081168922261706,0.0005250460031675175,0.000524410026264377,0.0006359796127071605,8.0,0.02138207352940883,0.02138207352940883,0.000502915121614933,0.0005023893900215626,0.0005257058655843139,50000
245000,0.010000000000000009,119,21.3,0.06081168922261706,0.06081168922261706,0.0005250460031675175,0.000524410026264377,0.0006359796127071605,19.0,0.04938409696920716,0.04938409696920716,0.00050979177467525,0.0005092624924145639,0.0005292922724038363,50000
246000,0.010000000000000009,120,21.65,0.0606872183242387,0.0606872183242387,0.0005224308406468481,0.0005218055652221665,0.0006252791034057736,9.0,0.019437427659915286,0.019437427659915286,0.0005030354368500412,0.0005025186110287905,0.0005168239586055279,50000
247000,0.010000000000000009,120,21.65,0.0606872183242387,0.0606872183242387,0.0005224308406468481,0.0005218055652221665,0.0006252791034057736,20.0,0.047370315008122665,0.047370315008122665,0.00047740753507241607,0.00047689839266240597,0.0005091475904919207,50000
248000,0.010000000000000009,121,21.9,0.06048755770068339,0.06048755770068339,0.000524649751605466,0.0005240344820776954,0.0006152745947474614,5.0,0.01981056986293629,0.01981056986293629,0.000488604127895087,0.0004880337801296264,0.0005703531787730753,50000
249000,0.010000000000000009,121,21.9,0.06048755770068339,0.06048755770068339,0.000524649751605466,0.0005240344820776954,0.0006152745947474614,15.0,0.04751663581341355,0.04751663581341355,0.00047676294343546033,0.0004762246389873326,0.0005383081152103841,50000
250000,0.010000000000000009,122,21.7,0.06044742245092355,0.06044742245092355,0.0005251235445030034,0.0005245183303486556,0.000605217638076283,7.0,0.017144218744133466,0.017144218744133466,0.00037773442454636097,0.0003772256604861468,0.0005087786121293902,50000
251000,0.010000000000000009,122,21.7,0.06044742245092355,0.06044742245092355,0.0005251235445030034,0.0005245183303486556,0.000605217638076283,18.0,0.04668306202197737,0.04668306202197737,0.00033594583510421216,0.00033544909092597663,0.000496746739372611,50000
252000,0.010000000000000009,123,21.8,0.06041877809542414,0.06041877809542414,0.0005273514601867646,0.0005267568456474691,0.0005946167482761666,6.0,0.015366013046249459,0.015366013046249459,0.0004744485777337104,0.00047397080925293267,0.00047775922575965524,50000
253000,0.010000000000000009,123,21.8,0.06041877809542414,0.06041877809542414,0.0005273514601867646,0.0005267568456474691,0.0005946167482761666,17.0,0.04300296872630769,0.04300296872630769,0.0004245577729307115,0.00042409071465954185,0.0004670630150940269,50000
254000,0.010000000000000009,124,21.95,0.06025789006429847,0.06025789006429847,0.0005290944973239675,0.0005285107588861137,0.0005837403266923502,5.0,0.013966812375686838,0.013966812375686838,0.00046887778444215655,0.0004684168379753828,0.00046095449943095446,50000
255000,0.010000000000000009,124,21.95,0.06025789006429847,0.06025789006429847,0.0005290944973239675,0.0005285107588861137,0.0005837403266923502,16.0,0.04148969282476839,0.04148969282476839,0.0004603833076544106,0.00045992323430255055,0.0004600855754688382,50000
256000,0.010000000000000009,125,22.0,0.06011812966799061,0.06011812966799061,0.000529821211239323,0.0005292486574035137,0.0005725562339648604,4.0,0.013869024429826491,0.013869024429826491,0.0004781227617058903,0.0004776671703439206,0.00045558431884273887,50000
257000,0.010000000000000009,125,22.0,0.06011812966799061,0.06011812966799061,0.000529821211239323,0.0005292486574035137,0.0005725562339648604,14.0,0.04202708841125459,0.04202708841125459,0.0004867289389949292,0.0004862833593506366,0.00044558101217262447,50000
258000,0.010000000000000009,126,21.85,0.05998906328820909,0.05998906328820909,0.0005312054010573775,0.000530642515514046,0.000562888647255022,4.0,0.012143986656717396,0.012143986656717396,0.0004878441686742008,0.0004873772559221834,0.00046690815361216664,50000
259000,0.010000000000000009,126,21.85,0.05998906328820909,0.05998906328820909,0.0005312054010573775,0.000530642515514046,0.000562888647255022,16.0,0.04044517565841043,0.04044517565841043,0.0004577927174977958,0.00045733709703199565,0.00045561278238892555,50000
260000,0.010000000000000009,127,21.5,0.05977729782085075,0.05977729782085075,0.0005270686044241302,0.0005265087180305273,0.0005598885603831149,0.0,0.01085204232299904,0.01085204232299904,0.0005090913036838174,0.0005085427546873689,0.000548549578525126,50000
261000,0.010000000000000009,127,21.5,0.05977729782085075,0.05977729782085075,0.0005270686044241302,0.0005265087180305273,0.0005598885603831149,12.0,0.04036603561130168,0.04036603561130168,0.00047669585910625756,0.0004761990567203611,0.0004967960994690657,50000
262000,0.010000000000000009,128,21.4,0.05983017657840548,0.05983017657840548,0.0005292215602821671,0.0005286722502205521,0.0005493122589541599,3.0,0.009781953083138666,0.009781953083138666,0.0004987592110410333,0.0004983011749573052,0.0004580144304782152,50000
263000,0.010000000000000009,128,21.4,0.05983017657840548,0.05983017657840548,0.0005292215602821671,0.0005286722502205521,0.0005493122589541599,13.0,0.03785662284808594,0.03785662284808594,0.0004820093745365739,0.0004815770953428,0.0004322762251831591,50000
264000,0.010000000000000009,129,21.1,0.05974270062949677,0.05974270062949677,0.0005290203393087722,0.0005284799641231075,0.0005403769391705282,3.0,0.008574032320108243,0.008574032320108243,0.0004838861641474068,0.0004834635474253446,0.00042262350325472653,50000
265000,0.010000000000000009,129,21.1,0.05974270062949677,0.05974270062949677,0.0005290203393087722,0.0005284799641231075,0.0005403769391705282,14.0,0.03734880270841397,0.03734880270841397,0.000501007481943816,0.0005005941493436694,0.0004133422044105828,50000
266000,0.010000000000000009,130,21.65,0.059451951096099756,0.059451951096099756,0.000527882574533578,0.0005273491988191381,0.0005333776600309648,3.0,0.007961328120874654,0.007961328120874654,0.0005143684684298933,0.0005139200948178768,0.0004483947705011815,50000
267000,0.010000000000000009,130,21.65,0.059451951096099756,0.059451951096099756,0.000527882574533578,0.0005273491988191381,0.0005333776600309648,13.0,0.036689813878269056,0.036689813878269056,0.0004955133772455156,0.0004950695438310504,0.0004438325413502753,50000
268000,0.010000000000000009,131,21.5,0.05955657495747717,0.05955657495747717,0.0005318555471603758,0.0005313301953719929,0.0005253531577182003,2.0,0.005665841346263304,0.005665841346263304,0.00047025445383042097,0.0004698386474046856,0.0004158206866122782,50000
269000,0.010000000000000009,131,21.5,0.05955657495747717,0.05955657495747717,0.0005318555471603758,0.0005313301953719929,0.0005253531577182003,11.0,0.03275405413636233,0.03275405413636233,0.0004654340154957026,0.00046500767348334193,0.0004263402661308646,50000
270000,0.010000000000000009,132,21.35,0.059429901536283816,0.059429901536283816,0.0005326679369318299,0.0005321505479514599,0.0005173901226953603,1.0,0.0047043581912099225,0.0047043581912099225,0.0004357426369097084,0.00043534577707760036,0.0003968534874729812,50000
271000,0.010000000000000009,132,21.35,0.059429901536283816,0.059429901536283816,0.0005326679369318299,0.0005321505479514599,0.0005173901226953603,12.0,0.03173788363544443,0.03173788363544443,0.00046820458373986185,0.00046780722914263606,0.0003973409184254706,50000
272000,0.010000000000000009,133,21.3,0.05914628961264841,0.05914628961264841,0.0005321068238117732,0.0005315993359545246,0.0005074868240626529,0.0,0.002998102515884316,0.002998102515884316,0.0004188639868516475,0.00041847029933705926,0.00039368178113363683,50000
273000,0.010000000000000009,133,21.3,0.05914628961264841,0.05914628961264841,0.0005321068238117732,0.0005315993359545246,0.0005074868240626529,14.0,0.030418917119226032,0.030418917119226032,0.00043002940947189927,0.0004296538245398551,0.0003755913348868489,50000
274000,0.010000000000000009,134,21.3,0.05891174965984862,0.05891174965984862,0.0005299054362694732,0.000529406062560156,0.0004993705792003311,0.0,0.002364148968852782,0.002364148968852782,0.00040514220017939806,0.00040476067806594074,0.0003815203963313252,50000
275000,0.010000000000000009,134,21.3,0.05891174965984862,0.05891174965984862,0.0005299054362694732,0.000529406062560156,0.0004993705792003311,11.0,0.029631128907564676,0.029631128907564676,0.00039854299393482506,0.0003981497138738632,0.00039329129504039884,50000
276000,0.010000000000000009,135,21.3,0.05868223819733713,0.05868223819733713,0.000530842128500808,0.0005303536250721663,0.0004884980124188587,0.0,0.0009451155336793371,0.0009451155336793371,0.0005061693955212831,0.0005057923845015466,0.0003769952745642513,50000
277000,0.010000000000000009,135,21.3,0.05868223819733713,0.05868223819733713,0.000530842128500808,0.0005303536250721663,0.0004884980124188587,12.0,0.02983756459827963,0.02983756459827963,0.0005061669507995248,0.000505804899148643,0.00036205624928697944,50000
278000,0.010000000000000009,135,21.3,0.05868223819733713,0.05868223819733713,0.000530842128500808,0.0005303536250721663,0.0004884980124188587,22.0,0.05861506633060292,0.05861506633060292,0.0005234642885625362,0.0005231028771959245,0.00036144026671536267,50000
279000,0.010000000000000009,136,21.3,0.05856318648241567,0.05856318648241567,0.0005306843042490073,0.0005302114324877039,0.0004728668165626004,11.0,0.027867483329974,0.027867483329974,0.00044669213821180165,0.00044633771176449955,0.00035441984073258936,50000
280000,0.010000000000000009,136,21.3,0.05856318648241567,0.05856318648241567,0.0005306843042490073,0.0005302114324877039,0.0004728668165626004,22.0,0.05530063655559295,0.05530063655559295,0.0005191129166632891,0.0005187498172745109,0.00036309563438408077,50000
281000,0.010000000000000009,137,21.4,0.05853295893814838,0.05853295893814838,0.0005331955748260952,0.0005327329388819634,0.00046263156837085263,8.0,0.026123838247390226,0.026123838247390226,0.0005034110508859158,0.0005030502798035741,0.0003607906401157379,50000
282000,0.010000000000000009,137,21.4,0.05853295893814838,0.05853295893814838,0.0005331955748260952,0.0005327329388819634,0.00046263156837085263,19.0,0.054148412544062635,0.054148412544062635,0.0005549406632781029,0.0005545915337279439,0.0003491294919513166,50000
283000,0.010000000000000009,138,21.35,0.05857233202169344,0.05857233202169344,0.0005358554204576649,0.0005353997636120767,0.00045565231412183496,9.0,0.025252459723718954,0.025252459723718954,0.0004846938536502421,0.0004843315982725471,0.0003622470539994538,50000
284000,0.010000000000000009,138,21.35,0.05857233202169344,0.05857233202169344,0.0005358554204576649,0.0005353997636120767,0.00045565231412183496,20.0,0.05296611710344494,0.05296611710344494,0.0004622788110282272,0.0004619286919478327,0.0003501201863400638,50000
285000,0.010000000000000009,139,21.35,0.058441893361701656,0.058441893361701656,0.0005285785169689916,0.0005281305624521337,0.000447951364913024,4.0,0.023573568210357644,0.023573568210357644,0.00044844934018328786,0.00044810245162807405,0.00034689815947785974,50000
286000,0.010000000000000009,139,21.35,0.058441893361701656,0.058441893361701656,0.0005285785169689916,0.0005281305624521337,0.000447951364913024,12.0,0.05133133137240245,0.05133133137240245,0.0004693911469075829,0.0004690318601205945,0.00035927255521528423,50000
287000,0.010000000000000009,140,20.95,0.05835303585261666,0.05835303585261666,0.0005277590607875027,0.0005273194125038572,0.0004396449017804116,9.0,0.02170382532942226,0.02170382532942226,0.0005025694263167679,0.0005022123805247247,0.0003570212284103036,50000
288000,0.010000000000000009,140,20.95,0.05835303585261666,0.05835303585261666,0.0005277590607875027,0.0005273194125038572,0.0004396449017804116,19.0,0.04998050565934211,0.04998050565934211,0.0004843758069910109,0.00048403875553049147,0.0003370527410879731,50000
289000,0.010000000000000009,141,20.7,0.05828315655363734,0.05828315655363734,0.0005272177324513905,0.0005267909829854034,0.00042674543510656804,8.0,0.022125806478969955,0.022125806478969955,0.0004916987381875515,0.0004913407610729337,0.0003579712356440723,50000
290000,0.010000000000000009,141,20.7,0.05828315655363734,0.05828315655363734,0.0005272177324513905,0.0005267909829854034,0.00042674543510656804,21.0,0.04921749580657366,0.04921749580657366,0.0005076578818261623,0.000507319753523916,0.0003381099959369749,50000
291000,0.010000000000000009,142,20.9,0.05819632765502379,0.05819632765502379,0.0005271596441161819,0.0005267418993753382,0.00041774126439122485,9.0,0.019721259335332825,0.019721259335332825,0.0004739209252875298,0.00047354373964481056,0.00037717248778790236,50000
292000,0.010000000000000009,142,20.9,0.05819632765502379,0.05819632765502379,0.0005271596441161819,0.0005267418993753382,0.00041774126439122485,20.0,0.04737170750745475,0.04737170750745475,0.0004823959316127002,0.0004820560570806265,0.0003398667322471738,50000
293000,0.010000000000000009,143,20.95,0.058026146917833824,0.058026146917833824,0.0005276024618069642,0.0005271922607789747,0.0004101965474546887,10.0,0.018342735039018437,0.018342735039018437,0.00046582447248511016,0.0004655043303500861,0.00032015255419537425,50000
294000,0.010000000000000009,143,20.95,0.058026146917833824,0.058026146917833824,0.0005276024618069642,0.0005271922607789747,0.0004101965474546887,22.0,0.0449715917470794,0.0449715917470794,0.0004615842190105468,0.0004612437915056944,0.00034042392508126795,50000
295000,0.010000000000000009,144,21.2,0.05793454145054956,0.05793454145054956,0.0005270402223686687,0.0005266371081233956,0.00040311010961886496,8.0,0.018915447945679977,0.018915447945679977,0.00042463475256226957,0.0004242868453729898,0.00034789953497238457,50000
296000,0.010000000000000009,144,21.2,0.05793454145054956,0.05793454145054956,0.0005270402223686687,0.0005266371081233956,0.00040311010961886496,20.0,0.04575947465042227,0.04575947465042227,0.0004776542482431978,0.00047731533413752913,0.00033890330814756453,50000
297000,0.010000000000000009,145,21.3,0.05794890688770241,0.05794890688770241,0.000528707071498502,0.0005283105580019765,0.00039650900580454616,6.0,0.016023333189641418,0.016023333189641418,0.00047310785157606006,0.0004727842169813812,0.0003236212651245296,50000
298000,0.010000000000000009,145,21.3,0.05794890688770241,0.05794890688770241,0.000528707071498502,0.0005283105580019765,0.00039650900580454616,18.0,0.044808664814071,0.044808664814071,0.0004423350910656154,0.00044201166019774973,0.00032344050123356283,50000
299000,0.010000000000000009,146,21.4,0.057920474568117,0.057920474568117,0.0005277530624880455,0.000527364584559109,0.0003884753517922945,5.0,0.014172907705154295,0.014172907705154295,0.000484996271552518,0.0004846405063290149,0.0003557533782441169,50000
300000,0.010000000000000009,146,21.4,0.057920474568117,0.057920474568117,0.0005277530624880455,0.000527364584559109,0.0003884753517922945,18.0,0.041029012486172356,0.041029012486172356,0.000517375476192683,0.0005170439835637808,0.00033147743670269847,50000
301000,0.010000000000000009,147,21.7,0.057754790175163204,0.057754790175163204,0.0005306695617036894,0.0005302935271174647,0.0003760338091524318,5.0,0.014658888753562018,0.014658888753562018,0.0005019804812036455,0.0005016610375605524,0.00031943447538651526,50000
302000,0.010000000000000009,147,21.7,0.057754790175163204,0.057754790175163204,0.0005306695617036894,0.0005302935271174647,0.0003760338091524318,16.0,0.041749746231309816,0.041749746231309816,0.0004974173498339951,0.0004970821901224554,0.00033517813426442444,50000
303000,0.010000000000000009,148,21.75,0.05758259842126967,0.05758259842126967,0.0005298628238961101,0.0005294940390740521,0.0003687834177981131,5.0,0.013216588418953887,0.013216588418953887,0.0004964440013282001,0.000496129272505641,0.00031471962574869394,50000
304000,0.010000000000000009,148,21.75,0.05758259842126967,0.05758259842126967,0.0005298628238961101,0.0005294940390740521,0.0003687834177981131,16.0,0.04023863673822101,0.04023863673822101,0.0004570778110064566,0.00045676971785724163,0.0003080983296968043,50000
305000,0.010000000000000009,149,21.8,0.05754378089400464,0.05754378089400464,0.0005298718897392973,0.0005295088674756698,0.0003630218110629357,4.0,0.010614071848594253,0.010614071848594253,0.00045397545909509063,0.0004536712949629873,0.0003041724266950041,50000
306000,0.010000000000000009,149,21.8,0.05754378089400464,0.05754378089400464,0.0005298718897392973,0.0005295088674756698,0.0003630218110629357,16.0,0.036745017937935665,0.036745017937935665,0.00045878408127464354,0.00045843562111258507,0.00034846627386286855,50000
307000,0.010000000000000009,150,21.7,0.057324516565858984,0.057324516565858984,0.0005282494908897206,0.000527892321406398,0.0003571668406948447,5.0,0.010261946032888129,0.010261946032888129,0.0004209628386888653,0.00042062977445311844,0.0003330648469273001,50000
308000,0.010000000000000009,150,21.7,0.057324516565858984,0.057324516565858984,0.0005282494908897206,0.000527892321406398,0.0003571668406948447,14.0,0.03729383218201271,0.03729383218201271,0.00048311316641047597,0.0004827975353691727,0.00031562315416522324,50000
309000,0.010000000000000009,151,21.8,0.0571838369308301,0.0571838369308301,0.0005268932145554572,0.0005265409723506309,0.0003522408063872717,4.0,0.00892504909325256,0.00892504909325256,0.0003822160651907325,0.0003819005796685815,0.00031549209961667657,50000
310000,0.010000000000000009,151,21.8,0.0571838369308301,0.0571838369308301,0.0005268932145554572,0.0005265409723506309,0.0003522408063872717,14.0,0.03630241516920571,0.03630241516920571,0.00043030548840761185,0.0004299948050174862,0.0003106769290752709,50000
311000,0.010000000000000009,152,21.9,0.05708604407374408,0.05708604407374408,0.0005258124379906804,0.0005254657022305764,0.00034673349291551857,2.0,0.00792388555437489,0.00792388555437489,0.0004982625832781196,0.0004979699733667076,0.0002926028100773692,50000
312000,0.010000000000000009,152,21.9,0.05708604407374408,0.05708604407374408,0.0005258124379906804,0.0005254657022305764,0.00034673349291551857,13.0,0.035083528857506284,0.035083528857506284,0.0004209888866171241,0.0004207059391774237,0.0002829337609000504,50000
313000,0.010000000000000009,153,21.85,0.05709188837716772,0.05709188837716772,0.0005280199489789084,0.000527679042716045,0.0003409055934753269,3.0,0.006700412718609065,0.006700412718609065,0.0004930544528178871,0.0004927705158479512,0.0002839096123352647,50000
314000,0.010000000000000009,153,21.85,0.05709188837716772,0.05709188837716772,0.0005280199489789084,0.000527679042716045,0.0003409055934753269,16.0,0.03293172504135921,0.03293172504135921,0.00048763732775114477,0.0004873598227277398,0.00027751506422646344,50000
315000,0.010000000000000009,154,21.9,0.05704832726687814,0.05704832726687814,0.0005307524814270436,0.0005304172416799701,0.00033524018945172427,2.0,0.005307399302600729,0.005307399302600729,0.0004803866904694587,0.0004801128525286913,0.0002738411712925881,50000
316000,0.010000000000000009,154,21.9,0.05704832726687814,0.05704832726687814,0.0005307524814270436,0.0005304172416799701,0.00033524018945172427,12.0,0.03251785885355065,0.03251785885355065,0.00048811588203534484,0.0004878489417023957,0.00026693407562561333,50000
317000,0.010000000000000009,155,21.75,0.057057850449905155,0.057057850449905155,0.0005316956201568245,0.0005313658111845143,0.00032981021649902686,2.0,0.0036192853985035577,0.0036192853985035577,0.0004766330821439624,0.0004763701872434467,0.00026290322421118617,50000
318000,0.010000000000000009,155,21.75,0.057057850449905155,0.057057850449905155,0.0005316956201568245,0.0005313658111845143,0.00032981021649902686,14.0,0.030402883154871125,0.030402883154871125,0.0004506232216954231,0.000450343475677073,0.00027975678676739335,50000
319000,0.010000000000000009,156,21.85,0.05690714692882757,0.05690714692882757,0.000532086196471937,0.0005317609568010085,0.0003252411770517938,0.0,0.002871850325944914,0.002871850325944914,0.00044921174412593246,0.00044894550228491426,0.0002662551705725491,50000
320000,0.010000000000000009,156,21.85,0.05690714692882757,0.05690714692882757,0.000532086196471937,0.0005317609568010085,0.0003252411770517938,12.0,0.028592576379457734,0.028592576379457734,0.00046873281826265156,0.00046844055759720504,0.00029226645710878074,50000
321000,0.010000000000000009,157,21.95,0.05675085726169262,0.05675085726169262,0.0005291695764753967,0.0005288486761855892,0.0003209019720088691,0.0,0.0014727434644523842,0.0014727434644523842,0.0005018119118176401,0.0005015386850573123,0.00027322015375830233,50000
322000,0.010000000000000009,157,21.95,0.05675085726169262,0.05675085726169262,0.0005291695764753967,0.0005288486761855892,0.0003209019720088691,10.0,0.02909984968468971,0.02909984968468971,0.0004897562321275473,0.0004894930170848966,0.00026323163183405995,50000
323000,0.010000000000000009,158,21.9,0.05667665488399687,0.05667665488399687,0.0005301922705257311,0.0005298782794852741,0.0003139920649118721,0.0,0.00014221184780496154,0.00014221184780496154,0.00041210121707990766,0.00041184481233358383,0.0002564081223681569,50000
324000,0.010000000000000009,158,21.9,0.05667665488399687,0.05667665488399687,0.0005301922705257311,0.0005298782794852741,0.0003139920649118721,13.0,0.027360799497304297,0.027360799497304297,0.00043277733493596315,0.00043251123861409724,0.00026609256747178733,50000
325000,0.010000000000000009,158,21.9,0.05667665488399687,0.05667665488399687,0.0005301922705257311,0.0005298782794852741,0.0003139920649118721,24.0,0.053907581400761746,0.053907581400761746,0.00047515708138234913,0.00047489762073382735,0.0002594592806417495,50000
326000,0.010000000000000009,159,22.1,0.05654886427852028,0.05654886427852028,0.0005365962977521121,0.0005362874449929223,0.0003088528203079477,10.0,0.02522412488938629,0.02522412488938629,0.0003480301529634744,0.0003477475547697395,0.0002825892297551036,50000
327000,0.010000000000000009,159,22.1,0.05654886427852028,0.05654886427852028,0.0005365962977521121,0.0005362874449929223,0.0003088528203079477,22.0,0.05152879964831629,0.05152879964831629,0.00042424563434906304,0.00042397636570967734,0.00026925807469524443,50000
328000,0.010000000000000009,160,22.5,0.056412315137367254,0.056412315137367254,0.0005367487814510241,0.0005364445212762802,0.0003042594602447934,11.0,0.023649295647828764,0.023649295647828764,0.00044409974361769855,0.000443831057054922,0.00026869060820899904,50000
329000,0.010000000000000009,160,22.5,0.056412315137367254,0.056412315137367254,0.0005367487814510241,0.0005364445212762802,0.0003042594602447934,21.0,0.04933517995785448,0.04933517995785448,0.0004385567153804004,0.00043826765613630414,0.0002890643081627786,50000
330000,0.010000000000000009,161,22.6,0.05623748477317749,0.05623748477317749,0.0005354969063773752,0.0005351954081561416,0.0003014979083673097,9.0,0.02309500013542187,0.02309500013542187,0.0004176849324721843,0.0004173964262008667,0.0002885088906623423,50000
331000,0.010000000000000009,161,22.6,0.05623748477317749,0.05623748477317749,0.0005354969063773752,0.0005351954081561416,0.0003014979083673097,20.0,0.04929875953609554,0.04929875953609554,0.0004923500819131732,0.0004920869832858443,0.0002630727831274271,50000
332000,0.010000000000000009,162,22.5,0.056065096039959295,0.056065096039959295,0.0005352341511752456,0.0005349363229470328,0.0002978285701829009,7.0,0.02240459428676214,0.02240459428676214,0.0005008242442272604,0.0005005671991966665,0.00025705277221277356,50000
333000,0.010000000000000009,162,22.5,0.056065096039959295,0.056065096039959295,0.0005352341511752456,0.0005349363229470328,0.0002978285701829009,21.0,0.04828705008185155,0.04828705008185155,0.000491232902277261,0.0004909701528958976,0.00026273916591890156,50000
334000,0.010000000000000009,163,22.55,0.0559742303169393,0.0559742303169393,0.0005337321461411193,0.0005334382702130824,0.00029387803515419365,10.0,0.019676071050996682,0.019676071050996682,0.0004206598096061498,0.00042042150744237006,0.00023831015278119594,50000
335000,0.010000000000000009,163,22.55,0.0559742303169393,0.0559742303169393,0.0005337321461411193,0.0005334382702130824,0.00029387803515419365,19.0,0.04479177024886807,0.04479177024886807,0.0004618364037014544,0.0004616023798007518,0.0002340312785236165,50000
336000,0.010000000000000009,164,22.3,0.05581577539352446,0.05581577539352446,0.000532034007483162,0.0005317444243701175,0.00028958675829926506,8.0,0.020254961932129625,0.020254961932129625,0.0004913389566354454,0.0004911060677841306,0.00023287349904421717,50000
337000,0.010000000000000009,164,22.3,0.05581577539352446,0.05581577539352446,0.000532034007483162,0.0005317444243701175,0.00028958675829926506,17.0,0.04616593353103816,0.04616593353103816,0.000490435166284442,0.0004901573993265629,0.0002777546178549528,50000
338000,0.010000000000000009,165,22.15,0.05566799489357972,0.05566799489357972,0.000531450830749236,0.0005311604734743014,0.00029036066989647226,6.0,0.018546539043297505,0.018546539043297505,0.0004452296707313508,0.00044489678111858666,0.00033290134160779417,50000
339000,0.010000000000000009,165,22.15,0.05566799489357972,0.05566799489357972,0.000531450830749236,0.0005311604734743014,0.00029036066989647226,18.0,0.04479065469824234,0.04479065469824234,0.0005025514401495457,0.0005022327532060444,0.0003186848771292716,50000
340000,0.010000000000000009,166,22.15,0.05548463074715202,0.05548463074715202,0.0005312391847837716,0.000530949141830206,0.0002900462393881753,8.0,0.017120478194886414,0.017120478194886414,0.000501644448377192,0.0005013418849557638,0.0003025759069714695,50000
341000,0.010000000000000009,166,22.15,0.05548463074715202,0.05548463074715202,0.0005312391847837716,0.000530949141830206,0.0002900462393881753,17.0,0.04300529638358803,0.04300529638358803,0.0005128366174176335,0.0005125540774315596,0.0002825198753271252,50000
342000,0.010000000000000009,167,22.05,0.05541880829733847,0.05541880829733847,0.0005330995481926948,0.0005328122992068529,0.00028725062147714195,6.0,0.015571824361691904,0.015571824361691904,0.00038021724321879447,0.0003799547557719052,0.0002624867483973503,50000
343000,0.010000000000000009,167,22.05,0.05541880829733847,0.05541880829733847,0.0005330995481926948,0.0005328122992068529,0.00028725062147714195,18.0,0.04145383834044737,0.04145383834044737,0.0003719882224686444,0.00037174098542891443,0.0002472398045938462,50000
344000,0.010000000000000009,168,22.1,0.05522911132215108,0.05522911132215108,0.000534443388460204,0.0005341602402040735,0.00028315058079897426,7.0,0.014851364842790083,0.014851364842790083,0.00041505572153255343,0.0004148191073909402,0.00023661970044486225,50000
345000,0.010000000000000009,168,22.1,0.05522911132215108,0.05522911132215108,0.000534443388460204,0.0005341602402040735,0.00028315058079897426,16.0,0.04178525679079967,0.04178525679079967,0.00039862599805928767,0.000398383941501379,0.00024205345835071057,50000
346000,0.010000000000000009,169,22.15,0.05512574609955836,0.05512574609955836,0.0005344897974282504,0.0005342102580470964,0.00027953912649536505,6.0,0.013806570439063649,0.013806570439063649,0.0004898408078588545,0.000489567406475544,0.0002734139852691442,50000
347000,0.010000000000000009,169,22.15,0.05512574609955836,0.05512574609955836,0.0005344897974282504,0.0005342102580470964,0.00027953912649536505,17.0,0.03992808799247443,0.03992808799247443,0.00048696273006498814,0.00048670763499103487,0.00025509842089377344,50000
348000,0.010000000000000009,170,22.25,0.05516103995791709,0.05516103995791709,0.0005378046276746318,0.0005375300039304421,0.0002746235455560964,4.0,0.011879906725925524,0.011879906725925524,0.0004095949116162956,0.00040935262222774327,0.0002423028345219791,50000
349000,0.010000000000000009,170,22.25,0.05516103995791709,0.05516103995791709,0.0005378046276746318,0.0005375300039304421,0.0002746235455560964,15.0,0.03745365585232509,0.03745365585232509,0.00046813077642582357,0.0004678548430092633,0.0002759279450401664,50000
350000,0.010000000000000009,171,22.15,0.05491491934121516,0.05491491934121516,0.0005361421848647296,0.0005358705209800973,0.00027166318250237964,4.0,0.011493669562014301,0.011493669562014301,0.0004413537390064448,0.0004410957917571068,0.00025795967667363584,50000
351000,0.010000000000000009,171,22.15,0.05491491934121516,0.05491491934121516,0.0005361421848647296,0.0005358705209800973,0.00027166318250237964,15.0,0.03784627682378378,0.03784627682378378,0.0004879868356510997,0.0004877432656940073,0.00024358103109989315,50000
352000,0.010000000000000009,172,22.1,0.05486266561454521,0.05486266561454521,0.0005369284393964335,0.0005366600671550259,0.0002683719168999232,4.0,0.010574222826566889,0.010574222826566889,0.00046447457862086594,0.00046423578169196844,0.0002387978311162442,50000
353000,0.010000000000000009,172,22.1,0.05486266561454521,0.05486266561454521,0.0005369284393964335,0.0005366600671550259,0.0002683719168999232,14.0,0.03671841864869577,0.03671841864869577,0.00048364096437580884,0.0004834108694922179,0.00023009524738881737,50000
354000,0.010000000000000009,173,22.1,0.054751089887469594,0.054751089887469594,0.0005376249522669241,0.000537359356530942,0.00026559513353277,2.0,0.008784119117088365,0.008784119117088365,0.000494021805934608,0.0004937960184179246,0.00022580315999221057,50000
355000,0.010000000000000009,173,22.1,0.054751089887469594,0.054751089887469594,0.0005376249522669241,0.000537359356530942,0.00026559513353277,14.0,0.035046254709226475,0.035046254709226475,0.0004975373740307987,0.0004973181639797986,0.00021919846767559648,50000
356000,0.010000000000000009,174,22.0,0.05466790498660361,0.05466790498660361,0.00053855974401813,0.0005382964242016897,0.0002633206102473196,3.0,0.008127836363578358,0.008127836363578358,0.0005022833356633782,0.0005020484677515924,0.00023487025464419276,50000
357000,0.010000000000000009,174,22.0,0.05466790498660361,0.05466790498660361,0.00053855974401813,0.0005382964242016897,0.0002633206102473196,14.0,0.034333158414940376,0.034333158414940376,0.0004835434665437788,0.0004833151469938457,0.00022832886315882206,50000
358000,0.010000000000000009,175,22.15,0.05455098056676257,0.05455098056676257,0.0005363822914659977,0.0005361217743484303,0.00026051781678688714,2.0,0.006854532575782446,0.006854532575782446,0.00047064493992365897,0.0004704269231297076,0.00021802503033541143,50000
359000,0.010000000000000009,175,22.15,0.05455098056676257,0.05455098056676257,0.0005363822914659977,0.0005361217743484303,0.00026051781678688714,12.0,0.03277417588355991,0.03277417588355991,0.0004760372103191912,0.0004758011200465262,0.0002360819053137675,50000
360000,0.010000000000000009,176,21.95,0.05445691653736462,0.05445691653736462,0.0005377025692723692,0.0005374445900088176,0.00025798186179599726,2.0,0.005517938989721286,0.005517938989721286,0.0004898576880805194,0.0004896387690678239,0.00021890066273044795,50000
361000,0.010000000000000009,176,21.95,0.05445691653736462,0.05445691653736462,0.0005377025692723692,0.0005374445900088176,0.00025798186179599726,13.0,0.03134634086315163,0.03134634086315163,0.00044758751755580306,0.0004473757871892303,0.00021171799744479358,50000
362000,0.010000000000000009,177,21.8,0.05445899728450866,0.05445899728450866,0.0005404339812230319,0.0005401793721830472,0.00025461141340201723,1.0,0.0041782199350330175,0.0041782199350330175,0.0005000397795811296,0.0004998203366994858,0.00021942693274468184,50000
363000,0.010000000000000009,177,21.8,0.05445899728450866,0.05445899728450866,0.0005404339812230319,0.0005401793721830472,0.00025461141340201723,12.0,0.03015289321655003,0.03015289321655003,0.0004876729508396238,0.0004874343576375395,0.00023858287022449076,50000
364000,0.010000000000000009,178,21.85,0.054370046402012394,0.054370046402012394,0.0005385308380937204,0.0005382776580518112,0.000253184240864357,1.0,0.0029590935448989197,0.0029590935448989197,0.00047109497245401144,0.00047087096027098596,0.00022401973546948284,50000
365000,0.010000000000000009,178,21.85,0.054370046402012394,0.054370046402012394,0.0005385308380937204,0.0005382776580518112,0.000253184240864357,12.0,0.028807766122395648,0.028807766122395648,0.0004969000001437962,0.0004966857959516346,0.00021421958808787167,50000
366000,0.010000000000000009,179,21.75,0.054288802003531325,0.054288802003531325,0.0005374346859753132,0.0005371842562453821,0.00025043385103344916,0.0,0.001990313924769663,0.001990313924769663,0.00046752369962632656,0.00046732183545827866,0.00020187124027870595,50000
367000,0.010000000000000009,179,21.75,0.054288802003531325,0.054288802003531325,0.0005374346859753132,0.0005371842562453821,0.00025043385103344916,13.0,0.027862182755720572,0.027862182755720572,0.0004433442954905331,0.0004431436536833644,0.00020063250849489123,50000
368000,0.010000000000000009,180,21.75,0.054215115253938115,0.054215115253938115,0.0005390275764511898,0.0005387808079831303,0.00024677365872776135,0.0,0.00099040318424051,0.00099040318424051,0.0004524577234406024,0.0004522552480921149,0.00020246548228897154,50000
369000,0.010000000000000009,180,21.75,0.054215115253938115,0.054215115253938115,0.0005390275764511898,0.0005387808079831303,0.00024677365872776135,11.0,0.027983562210505235,0.027983562210505235,0.0004533005121629685,0.00045309533015824854,0.0002051853807643056,50000
370000,0.010000000000000009,180,21.75,0.054215115253938115,0.054215115253938115,0.0005390275764511898,0.0005387808079831303,0.00024677365872776135,22.0,0.05393801508471428,0.05393801508471428,0.0004958405042998493,0.0004956009797751904,0.00023952394258230925,50000
371000,0.010000000000000009,181,21.7,0.05423881675534009,0.05423881675534009,0.0005410996585851535,0.0005408550670836121,0.0002445953192363959,13.0,0.02566001654148207,0.02566001654148207,0.00041962802060879767,0.0004194007779005915,0.00022725692542735487,50000
372000,0.010000000000000009,181,21.7,0.05423881675534009,0.05423881675534009,0.0005410996585851535,0.0005408550670836121,0.0002445953192363959,23.0,0.05175369927189973,0.05175369927189973,0.00048212872934527695,0.0004819165915250778,0.00021212366118561476,50000
373000,0.010000000000000009,182,21.8,0.054179664221554305,0.054179664221554305,0.0005409628822235391,0.0005407210235716775,0.00024186123118852265,9.0,0.023522401962102594,0.023522401962102594,0.0005048865568824112,0.0005046871956437826,0.00019933306612074375,50000
374000,0.010000000000000009,182,21.8,0.054179664221554305,0.054179664221554305,0.0005409628822235391,0.0005407210235716775,0.00024186123118852265,20.0,0.04885548453195033,0.04885548453195033,0.000532176170963794,0.0005319771589711308,0.00019901152700185776,50000
375000,0.010000000000000009,183,21.6,0.05401587439687602,0.05401587439687602,0.0005400767171522602,0.0005398374487413093,0.00023926970388856716,8.0,0.0249141596082794,0.0249141596082794,0.00048759597120806575,0.0004873712605331093,0.00022471530246548355,50000
376000,0.010000000000000009,183,21.6,0.05401587439687602,0.05401587439687602,0.0005400767171522602,0.0005398374487413093,0.00023926970388856716,18.0,0.05161585915179649,0.05161585915179649,0.0004914784803986549,0.0004912731237709522,0.00020533664792310447,50000
377000,0.010000000000000009,184,21.45,0.05417891793304132,0.05417891793304132,0.0005418155284132809,0.0005415780906332657,0.0002374386225710623,9.0,0.023767051107412264,0.023767051107412264,0.0004672838549595326,0.0004670772759709507,0.00020656567357946187,50000
378000,0.010000000000000009,184,21.45,0.05417891793304132,0.05417891793304132,0.0005418155284132809,0.0005415780906332657,0.0002374386225710623,19.0,0.04943661126501231,0.04943661126501231,0.0004492645675782114,0.0004490218125283718,0.00024274502357002348,50000
379000,0.010000000000000009,185,21.4,0.054190129359780105,0.054190129359780105,0.0005429125274531543,0.0005426801595604047,0.00023236882116179914,7.0,0.020854689515714488,0.020854689515714488,0.0005035967915318906,0.0005033692577853799,0.00022751950018573552,50000
380000,0.010000000000000009,185,21.4,0.054190129359780105,0.054190129359780105,0.0005429125274531543,0.0005426801595604047,0.00023236882116179914,20.0,0.04498381690760579,0.04498381690760579,0.0005015017231926322,0.0005012876936234534,0.00021404166182037443,50000
381000,0.010000000000000009,186,21.5,0.05398894288579105,0.05398894288579105,0.0005442990135634318,0.0005440699867904186,0.00022902793425600977,8.0,0.019433815299500053,0.019433815299500053,0.0004901547217741609,0.0004899275372736156,0.00022718243417330086,50000
382000,0.010000000000000009,186,21.5,0.05398894288579105,0.05398894288579105,0.0005442990135634318,0.0005440699867904186,0.00022902793425600977,18.0,0.043736865429478376,0.043736865429478376,0.0005098283872939646,0.0005096165696159005,0.0002118443080689758,50000
383000,0.010000000000000009,187,21.45,0.05390342769047499,0.05390342769047499,0.0005446114955702797,0.0005443857924547046,0.00022570411529159172,8.0,0.01786613414375623,0.01786613414375623,0.0004594908095896244,0.0004592921177390963,0.00019870520918630064,50000
384000,0.010000000000000009,187,21.45,0.05390342769047499,0.05390342769047499,0.0005446114955702797,0.0005443857924547046,0.00022570411529159172,17.0,0.041519522872315126,0.041519522872315126,0.00046427964116446674,0.0004640827246475965,0.00019691999477799982,50000
385000,0.010000000000000009,188,21.35,0.053739376550978935,0.053739376550978935,0.0005418109387392179,0.0005415875144535676,0.00022342540105455556,7.0,0.018292040670408724,0.018292040670408724,0.0005081427516415715,0.0005079341353848577,0.00020859895448666066,50000
386000,0.010000000000000009,188,21.35,0.053739376550978935,0.053739376550978935,0.0005418109387392179,0.0005415875144535676,0.00022342540105455556,19.0,0.04350584353142426,0.04350584353142426,0.00045225792564451694,0.00045206313370727,0.00019478105241432786,50000
387000,0.010000000000000009,189,21.4,0.05365161465059147,0.05365161465059147,0.0005427713418612257,0.0005425497103715316,0.00022163283865666016,6.0,0.015440903508545925,0.015440903508545925,0.000367669272236526,0.00036746892146766186,0.00020035594934597611,50000
388000,0.010000000000000009,189,21.4,0.05365161465059147,0.05365161465059147,0.0005427713418612257,0.0005425497103715316,0.00022163283865666016,18.0,0.03952745115162101,0.03952745115162101,0.000418918119976297,0.00041872283327393234,0.00019528219127096236,50000
389000,0.010000000000000009,190,21.35,0.053486362928790096,0.053486362928790096,0.0005391916580265388,0.0005389725731220097,0.0002190860359405633,6.0,0.014976374638664112,0.014976374638664112,0.00034139695344492793,0.0003412071382626891,0.00018980227469000965,50000
390000,0.010000000000000009,190,21.35,0.053486362928790096,0.053486362928790096,0.0005391916580265388,0.0005389725731220097,0.0002190860359405633,16.0,0.03920906906540017,0.03920906906540017,0.00036409744643606246,0.0003639094647951424,0.00018797387019731104,50000
391000,0.010000000000000009,191,21.35,0.05343819883809162,0.05343819883809162,0.0005384778458392247,0.0005382624542107806,0.00021539131557801738,5.0,0.014119240198989354,0.014119240198989354,0.00046800743439234793,0.00046783281140960753,0.0001746327761793509,50000
392000,0.010000000000000009,191,21.35,0.05343819883809162,0.05343819883809162,0.0005384778458392247,0.0005382624542107806,0.00021539131557801738,16.0,0.039242609021267194,0.039242609021267194,0.000455169880297035,0.00045496466918848455,0.00020519987447187304,50000
393000,0.010000000000000009,192,21.35,0.05332713973506352,0.05332713973506352,0.0005366416822653264,0.0005364255834138021,0.00021609762698062695,4.0,0.012934751312527255,0.012934751312527255,0.0004909003037028015,0.0004906606045551598,0.00023968778259586543,50000
394000,0.010000000000000009,192,21.35,0.05332713973506352,0.05332713973506352,0.0005366416822653264,0.0005364255834138021,0.00021609762698062695,15.0,0.037535370070932404,0.037535370070932404,0.0004912303411401808,0.000491008220706135,0.00022213718330021948,50000
395000,0.010000000000000009,193,21.45,0.053199735042982366,0.053199735042982366,0.0005356825771741569,0.0005354673019610345,0.00021527310527744704,5.0,0.01179732229710965,0.01179732229710965,0.0004703905724454671,0.000470185826998204,0.0002047375455731526,50000
396000,0.010000000000000009,193,21.45,0.053199735042982366,0.053199735042982366,0.0005356825771741569,0.0005354673019610345,0.00021527310527744704,17.0,0.03631787682717459,0.03631787682717459,0.0004613167839124799,0.00046112475683912635,0.0001920246722875163,50000
397000,0.010000000000000009,194,21.45,0.05311522436783448,0.05311522436783448,0.0005314503097906709,0.0005312368055456318,0.0002135012335202191,6.0,0.010442080429038476,0.010442080429038476,0.00042212530388496816,0.0004219331021886319,0.00019220690592192113,50000
398000,0.010000000000000009,194,21.45,0.05311522436783448,0.05311522436783448,0.0005314503097906709,0.0005312368055456318,0.0002135012335202191,19.0,0.0346125410325824,0.0346125410325824,0.0004821367037948221,0.0004819597234018147,0.0001769826776580885,50000
399000,0.010000000000000009,195,21.6,0.05293536047482298,0.05293536047482298,0.0005299339041812346,0.0005297220006468706,0.00021190159022808075,4.0,0.009287343520993854,0.009287343520993854,0.00047172026825137436,0.00047153938794508576,0.00018087797798216343,50000
400000,0.010000000000000009,195,21.6,0.05293536047482298,0.05293536047482298,0.0005299339041812346,0.0005297220006468706,0.00021190159022808075,15.0,0.03338826560804077,0.03338826560804077,0.0004635769873857498,0.0004633953794836998,0.0001816008152673021,50000
401000,0.010000000000000009,196,21.75,0.052771716686269864,0.052771716686269864,0.0005261472833808511,0.0005259375015157275,0.00020977819949621334,3.0,0.00867948967369774,0.00867948967369774,0.00046213791938498616,0.0004619578248821199,0.00018008335609920323,50000
402000,0.010000000000000009,196,21.75,0.052771716686269864,0.052771716686269864,0.0005261472833808511,0.0005259375015157275,0.00020977819949621334,13.0,0.03318529558451404,0.03318529558451404,0.0004375212301965803,0.00043734678183682263,0.00017446193669456989,50000
403000,0.010000000000000009,197,21.7,0.05264485008758596,0.05264485008758596,0.0005236525583313778,0.0005234428172116168,0.00020973556456738152,3.0,0.007438080501841199,0.007438080501841199,0.0004848658572882414,0.00048467156011611223,0.00019428820814937353,50000
404000,0.010000000000000009,197,21.7,0.05264485008758596,0.05264485008758596,0.0005236525583313778,0.0005234428172116168,0.00020973556456738152,15.0,0.03308011684819598,0.03308011684819598,0.0004734895774163306,0.0004733007517643273,0.00018883078882936388,50000
405000,0.010000000000000009,198,21.85,0.05257723857480221,0.05257723857480221,0.0005234426032984629,0.0005232346928096376,0.00020790409253095276,3.0,0.006476026551347158,0.006476026551347158,0.000446133257355541,0.000445944897364825,0.00018837010429706424,50000
406000,0.010000000000000009,198,21.85,0.05257723857480221,0.05257723857480221,0.0005234426032984629,0.0005232346928096376,0.00020790409253095276,15.0,0.031732489556117224,0.031732489556117224,0.0004793659027200192,0.00047917728079482913,0.0001886222162283957,50000
407000,0.010000000000000009,199,22.15,0.05253212355158858,0.05253212355158858,0.0005242734012426808,0.0005240668178885244,0.00020657874410971998,2.0,0.0051528860823698095,0.0051528860823698095,0.00043525759247131646,0.00043507106602191925,0.00018652513972483575,50000
408000,0.010000000000000009,199,22.15,0.05253212355158858,0.05253212355158858,0.0005242734012426808,0.0005240668178885244,0.00020657874410971998,12.0,0.02963569405774923,0.02963569405774923,0.00043368799379095435,0.0004335091798566282,0.00017882211250253022,50000
409000,0.010000000000000009,200,22.1,0.052501529046077654,0.052501529046077654,0.0005247154505923391,0.0005245101565378718,0.00020528932873276062,1.0,0.003505376310533038,0.003505376310533038,0.0004611385229509324,0.00046097050653770566,0.00016800583398435265,50000
410000,0.010000000000000009,200,22.1,0.052501529046077654,0.052501529046077654,0.0005247154505923391,0.0005245101565378718,0.00020528932873276062,12.0,0.02818717832202982,0.02818717832202982,0.0004730468208435923,0.0004728822677861899,0.00016455039440188557,50000
411000,0.010000000000000009,201,22.25,0.05234476658179049,0.05234476658179049,0.0005223057552939281,0.0005221036917646416,0.00020205900145811028,0.0,0.0026275757254481135,0.0026275757254481135,0.0004971206653863192,0.0004969585570506752,0.00016211510228458792,50000
412000,0.010000000000000009,201,22.25,0.05234476658179049,0.05234476658179049,0.0005223057552939281,0.0005221036917646416,0.00020205900145811028,10.0,0.028813117517365854,0.028813117517365854,0.0004759010626003146,0.00047573153278790414,0.00016952854639384896,50000
413000,0.010000000000000009,202,22.2,0.05229339357595878,0.05229339357595878,0.0005223447806201875,0.00052214495226508,0.00019982586381956936,0.0,0.00146117632900899,0.00146117632900899,0.0004017442697659135,0.0004015820159111172,0.0001622621639398858,50000
414000,0.010000000000000009,202,22.2,0.05229339357595878,0.05229339357595878,0.0005223447806201875,0.00052214495226508,0.00019982586381956936,10.0,0.02618393228958452,0.02618393228958452,0.00046958544407971203,0.00046941611799411476,0.00016931656864471734,50000
415000,0.010000000000000009,203,22.2,0.05219542187712449,0.05219542187712449,0.0005219645594479516,0.0005217661018832587,0.0001984558068215847,0.0,0.0004788838057709868,0.0004788838057709868,0.0004936219775117934,0.0004934475291520357,0.00017443348770029843,50000
416000,0.010000000000000009,203,22.2,0.05219542187712449,0.05219542187712449,0.0005219645594479516,0.0005217661018832587,0.0001984558068215847,11.0,0.026530124353432563,0.026530124353432563,0.0004921572399325669,0.0004919947823509574,0.00016243293066509068,50000
417000,0.010000000000000009,203,22.2,0.05219542187712449,0.05219542187712449,0.0005219645594479516,0.0005217661018832587,0.0001984558068215847,22.0,0.053095671491885835,0.053095671491885835,0.000529404089320451,0.0005291745765134692,0.00022952239669393748,50000
418000,0.010000000000000009,204,22.35,0.052091116647048706,0.052091116647048706,0.0005232607159996405,0.0005230610506259837,0.00019966317267972045,10.0,0.02526497347931504,0.02526497347931504,0.0005093109211884439,0.0005090891500003636,0.00022175261983647943,50000
419000,0.010000000000000009,204,22.35,0.052091116647048706,0.052091116647048706,0.0005232607159996405,0.0005230610506259837,0.00019966317267972045,21.0,0.051254209559729785,0.051254209559729785,0.0004914125893265009,0.0004912008880637586,0.00021171546541154385,50000
420000,0.010000000000000009,205,22.4,0.051998121445637445,0.051998121445637445,0.0005222818581387401,0.000522083583928179,0.00019827035721391438,9.0,0.023332272982704703,0.023332272982704703,0.0004822160117328167,0.0004820152244064957,0.00020078061788808554,50000
421000,0.010000000000000009,205,22.4,0.051998121445637445,0.051998121445637445,0.0005222818581387401,0.000522083583928179,0.00019827035721391438,21.0,0.04816175125608086,0.04816175125608086,0.0005506736342795193,0.0005504852742888033,0.00018837989773601294,50000
422000,0.010000000000000009,206,22.25,0.052016230893093984,0.052016230893093984,0.0005207616253755986,0.0005205663313972764,0.000195289447583491,10.0,0.022774595564312754,0.022774595564312754,0.000465799676021561,0.0004656215605791658,0.00017811266297940165,50000
423000,0.010000000000000009,206,22.25,0.052016230893093984,0.052016230893093984,0.0005207616253755986,0.0005205663313972764,0.000195289447583491,24.0,0.04751695790179584,0.04751695790179584,0.0004985787090845406,0.0004984121769666672,0.0001665279851295054,50000
424000,0.010000000000000009,207,22.55,0.05204266116730042,0.05204266116730042,0.0005187623581150546,0.000518566973914858,0.0001953801118361298,9.0,0.019470464041591126,0.019470464041591126,0.0003794494259636849,0.00037922116462141275,0.00022826678468845785,50000
425000,0.010000000000000009,207,22.55,0.05204266116730042,0.05204266116730042,0.0005187623581150546,0.000518566973914858,0.0001953801118361298,19.0,0.04399725993580739,0.04399725993580739,0.00042477299575693905,0.0004245516611263156,0.00022133860329631716,50000
426000,0.010000000000000009,208,22.6,0.05201002474845849,0.05201002474845849,0.0005177777929930016,0.0005175812751986086,0.00019651457041618413,7.0,0.018865108365738244,0.018865108365738244,0.00032545291469432414,0.00032524214475415647,0.00021076232951600105,50000
427000,0.010000000000000009,208,22.6,0.05201002474845849,0.05201002474845849,0.0005177777929930016,0.0005175812751986086,0.00019651457041618413,18.0,0.04438599122766446,0.04438599122766446,0.00035169656621292233,0.00035149609902873635,0.000200476439204067,50000
428000,0.010000000000000009,209,22.45,0.051904965121128854,0.051904965121128854,0.0005171768221771345,0.0005169806157937273,0.00019620513485278933,7.0,0.01832395156230382,0.01832395156230382,0.0004687767359428108,0.00046859096619300544,0.00018577391165308654,50000
429000,0.010000000000000009,209,22.45,0.051904965121128854,0.051904965121128854,0.0005171768221771345,0.0005169806157937273,0.00019620513485278933,18.0,0.042162435649748586,0.042162435649748586,0.0004468053812161088,0.000446566118625924,0.000239274711930193,50000
430000,0.010000000000000009,210,22.35,0.05182898339047818,0.05182898339047818,0.0005174548045033589,0.0005172563396627083,0.00019846442664857024,8.0,0.017469197461719647,0.017469197461719647,0.00043218277278356254,0.00043194906902499497,0.00023369418340735137,50000
431000,0.010000000000000009,210,22.35,0.05182898339047818,0.05182898339047818,0.0005174548045033589,0.0005172563396627083,0.00019846442664857024,19.0,0.04224745272009182,0.04224745272009182,0.0004792831896338612,0.0004790570237673819,0.00022617568902205676,50000
432000,0.010000000000000009,211,22.55,0.051830049973081535,0.051830049973081535,0.0005191499600186944,0.0005189499701373279,0.00019999141950393095,7.0,0.016235227882776756,0.016235227882776756,0.0004588727606460452,0.00045865189167670906,0.00022086950775701553,50000
433000,0.010000000000000009,211,22.55,0.051830049973081535,0.051830049973081535,0.0005191499600186944,0.0005189499701373279,0.00019999141950393095,17.0,0.040207127081797696,0.040207127081797696,0.00043480764725245535,0.00043452935642562807,0.00027829065220430493,50000
434000,0.010000000000000009,212,22.55,0.05168703273734532,0.05168703273734532,0.0005190283700358123,0.000518826994812116,0.0002013794262893498,8.0,0.015038050428201229,0.015038050428201229,0.0005087483441457152,0.0005084742442704737,0.00027409609174355865,50000
435000,0.010000000000000009,212,22.55,0.05168703273734532,0.05168703273734532,0.0005190283700358123,0.000518826994812116,0.0002013794262893498,19.0,0.03933198134708767,0.03933198134708767,0.0004937164485454559,0.0004934482276439667,0.0002682128397282213,50000
436000,0.010000000000000009,213,22.6,0.05162131138276125,0.05162131138276125,0.0005188444454688578,0.0005186404043342919,0.00020404438546393067,7.0,0.013649494248429789,0.013649494248429789,0.00047853461001068354,0.0004782748001161963,0.00025981260114349425,50000
437000,0.010000000000000009,213,22.6,0.05162131138276125,0.05162131138276125,0.0005188444454688578,0.0005186404043342919,0.00020404438546393067,19.0,0.037466302788213904,0.037466302788213904,0.0004640295810531825,0.00046377978287637234,0.00024980754824355245,50000
438000,0.010000000000000009,214,22.7,0.05152774762353911,0.05152774762353911,0.0005196947779040784,0.0005194882731302641,0.00020650822916650212,7.0,0.012448884798614012,0.012448884798614012,0.00047005832311697304,0.0004697513359133154,0.0003069836529903114,50000
439000,0.010000000000000009,214,22.7,0.05152774762353911,0.05152774762353911,0.0005196947779040784,0.0005194882731302641,0.00020650822916650212,19.0,0.037060236466180584,0.037060236466180584,0.000472044397611171,0.00047175155486911535,0.00029284117044880986,50000
440000,0.010000000000000009,215,22.65,0.0514908079966927,0.0514908079966927,0.0005189497242099606,0.0005187381510040722,0.00021157519659027458,5.0,0.012488238504621992,0.012488238504621992,0.0004444219812285155,0.0004441482597030699,0.00027373479679226875,50000
441000,0.010000000000000009,215,22.65,0.0514908079966927,0.0514908079966927,0.0005189497242099606,0.0005187381510040722,0.00021157519659027458,15.0,0.03811259489641714,0.03811259489641714,0.00048529921332374215,0.0004850474069826305,0.0002518112596590072,50000
442000,0.010000000000000009,216,22.5,0.05162301119847514,0.05162301119847514,0.0005212350151850842,0.0005210207236814313,0.00021429380067274905,3.0,0.011157544260371889,0.011157544260371889,0.00043590471614152193,0.00043567840475589037,0.00022630277089774609,50000
443000,0.010000000000000009,216,22.5,0.05162301119847514,0.05162301119847514,0.0005212350151850842,0.0005210207236814313,0.00021429380067274905,15.0,0.03848162629621424,0.03848162629621424,0.00033691441058181226,0.00033670198172330856,0.00021241740614641458,50000
444000,0.010000000000000009,217,22.5,0.05175569002180831,0.05175569002180831,0.0005233493997366167,0.0005231355418800377,0.0002138618518074509,4.0,0.00951464914532748,0.00951464914532748,0.0004120705125387758,0.00041187769966199994,0.0001928263809531927,50000
445000,0.010000000000000009,217,22.5,0.05175569002180831,0.05175569002180831,0.0005233493997366167,0.0005231355418800377,0.0002138618518074509,16.0,0.03519435139940497,0.03519435139940497,0.0004258975968696177,0.0004257224500179291,0.00017515948275104165,50000
446000,0.010000000000000009,218,22.45,0.05174709850363855,0.05174709850363855,0.0005222817489993758,0.0005220688253757544,0.00021292707751854322,5.0,0.008341837209304042,0.008341837209304042,0.0004893982550129294,0.0004892329452559352,0.00016530658467672765,50000
447000,0.010000000000000009,218,22.45,0.05174709850363855,0.05174709850363855,0.0005222817489993758,0.0005220688253757544,0.00021292707751854322,16.0,0.037871303195448264,0.037871303195448264,0.0004957013879902661,0.0004955389886163175,0.0001624178548809141,50000
448000,0.010000000000000009,219,22.3,0.05193331285897075,0.05193331285897075,0.0005210849092691205,0.0005208728878642432,0.00021202428542892448,3.0,0.007799368394523645,0.007799368394523645,0.0005075950757600367,0.0005074455984868109,0.00014950196782592684,50000
449000,0.010000000000000009,219,22.3,0.05193331285897075,0.05193331285897075,0.0005210849092691205,0.0005208728878642432,0.00021202428542892448,14.0,0.033692363514720255,0.033692363514720255,0.0004905200912617147,0.0004903534427285194,0.00016662816051393747,50000
450000,0.010000000000000009,220,22.3,0.05195137310430069,0.05195137310430069,0.0005221726212766952,0.0005219607890467159,0.00021183354838285595,3.0,0.006461101426926179,0.006461101426926179,0.0005036945221945643,0.0005035341018810868,0.00016043483628891408,50000
451000,0.010000000000000009,220,22.3,0.05195137310430069,0.05195137310430069,0.0005221726212766952,0.0005219607890467159,0.00021183354838285595,13.0,0.03053151356464629,0.03053151356464629,0.0004897332983091474,0.0004895756719633937,0.00015764862473588437,50000
452000,0.010000000000000009,221,22.1,0.05194203903920862,0.05194203903920862,0.0005251391747151501,0.0005249282912700437,0.0002108846434566658,2.0,0.004980741885534115,0.004980741885534115,0.00046719374950043857,0.00046704246778972447,0.0001512734597781673,50000
453000,0.010000000000000009,221,22.1,0.05194203903920862,0.05194203903920862,0.0005251391747151501,0.0005249282912700437,0.0002108846434566658,13.0,0.02992824218088831,0.02992824218088831,0.0004677307733800262,0.0004675757954828441,0.00015498592983931303,50000
454000,0.010000000000000009,222,22.1,0.05185705625798072,0.05185705625798072,0.000522965936397668,0.0005227557543548755,0.00021018167026340962,2.0,0.0044650975754985806,0.0044650975754985806,0.0004836749576497823,0.0004835034778807312,0.00017148190818261355,50000
455000,0.010000000000000009,222,22.1,0.05185705625798072,0.05185705625798072,0.000522965936397668,0.0005227557543548755,0.00021018167026340962,11.0,0.03006118181181915,0.03006118181181915,0.00044480772339738905,0.00044464884558692575,0.0001588653540238738,50000
456000,0.010000000000000009,223,22.15,0.05197940753528123,0.05197940753528123,0.0005248961868346668,0.0005246872329735197,0.000208952010871144,0.0,0.0031934173710544823,0.0031934173710544823,0.0004769989172928035,0.0004768417275045067,0.00015718086797278374,50000
457000,0.010000000000000009,223,22.15,0.05197940753528123,0.05197940753528123,0.0005248961868346668,0.0005246872329735197,0.000208952010871144,13.0,0.028313941287999553,0.028313941287999553,0.0005076401866972446,0.0005074880900792778,0.00015211226127576083,50000
458000,0.010000000000000009,224,22.35,0.05188979137075302,0.05188979137075302,0.0005245658350759186,0.0005243611769401469,0.00020465698398766107,0.0,0.0023054618736924283,0.0023054618736924283,0.0004940915969200432,0.0004939449136145413,0.00014666892820969224,50000
459000,0.010000000000000009,224,22.35,0.05188979137075302,0.05188979137075302,0.0005245658350759186,0.0005243611769401469,0.00020465698398766107,11.0,0.02814543276403587,0.02814543276403587,0.0004576967912726104,0.00045755080645903945,0.00014599676069337875,50000
460000,0.010000000000000009,225,22.45,0.05188488332733374,0.05188488332733374,0.0005247543260338717,0.0005245530061074533,0.00020132008430664427,1.0,0.0013697922489046771,0.0013697922489046771,0.0005184405599720776,0.0005182926543056965,0.00014791719149798155,50000
461000,0.010000000000000009,225,22.45,0.05188488332733374,0.05188488332733374,0.0005247543260338717,0.0005245530061074533,0.00020132008430664427,12.0,0.02659184269745153,0.02659184269745153,0.0004967425484210253,0.0004965965636074543,0.0001460084895370528,50000
462000,0.010000000000000009,225,22.45,0.05188488332733374,0.05188488332733374,0.0005247543260338717,0.0005245530061074533,0.00020132008430664427,25.0,0.05260909479791547,0.05260909479791547,0.00052477145800367,0.0005246339133009315,0.00013756152475252748,50000
463000,0.010000000000000009,226,22.65,0.051929427708341094,0.051929427708341094,0.0005261767728370614,0.0005259777666651644,0.00019900441911886447,10.0,0.024561565099798958,0.024561565099798958,0.0003723526606336236,0.0003722148831002414,0.0001377798180328682,50000
464000,0.010000000000000009,226,22.65,0.051929427708341094,0.051929427708341094,0.0005261767728370614,0.0005259777666651644,0.00019900441911886447,22.0,0.05007704772630028,0.05007704772630028,0.0004226601158734411,0.0004225160228088498,0.00014410566654987633,50000
465000,0.010000000000000009,227,22.45,0.051889408668170635,0.051889408668170635,0.0005263707818812691,0.0005261749742203392,0.00019580688458518126,11.0,0.022656267628715303,0.022656267628715303,0.00044249455095268786,0.0004423559585120529,0.0001386023941449821,50000
466000,0.010000000000000009,227,22.45,0.051889408668170635,0.051889408668170635,0.0005263707818812691,0.0005261749742203392,0.00019580688458518126,23.0,0.0468962420244112,0.0468962420244112,0.0005132374353706837,0.000513069040607661,0.00016836755094118416,50000
467000,0.010000000000000009,228,22.65,0.05188602255914247,0.05188602255914247,0.0005271452173474245,0.0005269520421279595,0.00019317440383019856,11.0,0.02313827854470256,0.02313827854470256,0.00047091758460737765,0.0004707440675701946,0.0001735207624733448,50000
468000,0.010000000000000009,228,22.65,0.05188602255914247,0.05188602255914247,0.0005271452173474245,0.0005269520421279595,0.00019317440383019856,23.0,0.04766796970233256,0.04766796970233256,0.000491180457174778,0.0004910234711132944,0.00015697507478762418,50000
469000,0.010000000000000009,229,22.85,0.05190082715416351,0.05190082715416351,0.0005267664571874775,0.0005265754705760628,0.00019098517586826346,11.0,0.021326840181975774,0.021326840181975774,0.0004950882866978645,0.00049493188271299,0.00015642396465409547,50000
470000,0.010000000000000009,229,22.85,0.05190082715416351,0.05190082715416351,0.0005267664571874775,0.0005265754705760628,0.00019098517586826346,22.0,0.044810958039581454,0.044810958039581454,0.0004897152539342642,0.0004895617021247745,0.0001535358896944672,50000
471000,0.010000000000000009,230,23.0,0.05191564813338508,0.05191564813338508,0.0005291679306537844,0.0005289816472213715,0.0001862833567429334,9.0,0.019682691845238413,0.019682691845238413,0.00048040004912763834,0.0004802109906449914,0.00018906043260358274,50000
472000,0.010000000000000009,230,23.0,0.05191564813338508,0.05191564813338508,0.0005291679306537844,0.0005289816472213715,0.0001862833567429334,20.0,0.04368671663712281,0.04368671663712281,0.00048463098937645555,0.00048444390995427966,0.00018709372670855373,50000
473000,0.010000000000000009,231,22.9,0.05183405600056904,0.05183405600056904,0.000530390594212804,0.0005302061355905608,0.00018445694659021682,7.0,0.018496447979329048,0.018496447979329048,0.00047949343570508063,0.00047930952860042453,0.0001838997268350795,50000
474000,0.010000000000000009,231,22.9,0.05183405600056904,0.05183405600056904,0.000530390594212804,0.0005302061355905608,0.00018445694659021682,20.0,0.04364521366856279,0.04364521366856279,0.0004880909400526434,0.000487910961965099,0.0001799877645680681,50000
475000,0.010000000000000009,232,23.0,0.051906663366052076,0.051906663366052076,0.0005319764066371135,0.0005317968578310683,0.0001795448966731783,7.0,0.016848206919334967,0.016848206919334967,0.0004581266257446259,0.0004579516826197505,0.00017493806080892682,50000
476000,0.010000000000000009,232,23.0,0.051906663366052076,0.051906663366052076,0.0005319764066371135,0.0005317968578310683,0.0001795448966731783,19.0,0.04041802506247059,0.04041802506247059,0.0004576616920530796,0.00045749059063382447,0.00017109392501879483,50000
477000,0.010000000000000009,233,22.95,0.051806355295772245,0.051806355295772245,0.0005303609257680364,0.0005301861005136743,0.00017482199909863995,9.0,0.01609815494376092,0.01609815494376092,0.0004419348551891744,0.0004417694581206888,0.00016539919306524098,50000
478000,0.010000000000000009,233,22.95,0.051806355295772245,0.051806355295772245,0.0005303609257680364,0.0005301861005136743,0.00017482199909863995,22.0,0.03809171905535915,0.03809171905535915,0.00033302963129244745,0.0003328685415908694,0.00016110032447613776,50000
479000,0.010000000000000009,234,23.0,0.051679631068532225,0.051679631068532225,0.0005305789862177334,0.000530408468330279,0.00017051524337148295,5.0,0.016581420500338222,0.016581420500338222,0.00039455920341424644,0.0003944021591451019,0.00015705199621152133,50000
480000,0.010000000000000009,234,23.0,0.051679631068532225,0.051679631068532225,0.0005305789862177334,0.000530408468330279,0.00017051524337148295,15.0,0.041789153991628934,0.041789153991628934,0.000458566821180284,0.0004583729605656117,0.0001938478962983936,50000
481000,0.010000000000000009,235,22.7,0.0517931363969328,0.0517931363969328,0.0005324961355654522,0.0005323301942553371,0.0001659378111071419,7.0,0.01415676108254446,0.01415676108254446,0.0004406060907058418,0.00044041636283509433,0.00018972170073539019,50000
482000,0.010000000000000009,235,22.7,0.0517931363969328,0.0517931363969328,0.0005324961355654522,0.0005323301942553371,0.0001659378111071419,20.0,0.03727391839115253,0.03727391839115253,0.0003898597788065672,0.00038967555155977607,0.0001842199853854254,50000
483000,0.010000000000000009,236,22.95,0.05158914412737916,0.05158914412737916,0.0005322919023456052,0.0005321286182152108,0.00016327965495293028,6.0,0.0144078316337393,0.0144078316337393,0.0004885567468591034,0.0004883793299086392,0.00017742783529683948,50000
484000,0.010000000000000009,236,22.95,0.05158914412737916,0.05158914412737916,0.0005322919023456052,0.0005321286182152108,0.00016327965495293028,16.0,0.03918162256243432,0.03918162256243432,0.0004942356026731431,0.0004940663347952068,0.0001692860823823139,50000
485000,0.010000000000000009,237,22.95,0.051476232241858565,0.051476232241858565,0.0005322480312315748,0.0005320864380337298,0.00016158669313881546,6.0,0.012499952375691632,0.012499952375691632,0.0005209209630265832,0.0005207591457292438,0.0001618312089703977,50000
486000,0.010000000000000009,237,22.95,0.051476232241858565,0.051476232241858565,0.0005322480312315748,0.0005320864380337298,0.00016158669313881546,16.0,0.0380569625881403,0.0380569625881403,0.00048152063391171396,0.00048136894474737346,0.00015168014215305448,50000
487000,0.010000000000000009,238,22.85,0.051459356941027434,0.051459356941027434,0.0005337980546755716,0.0005336376954801381,0.00016035468361224047,4.0,0.01109288190306874,0.01109288190306874,0.0005018668016418815,0.000501720467582345,0.0001463063235860318,50000
488000,0.010000000000000009,238,22.85,0.051459356941027434,0.051459356941027434,0.0005337980546755716,0.0005336376954801381,0.00016035468361224047,14.0,0.03704783250234436,0.03704783250234436,0.0004451799322851002,0.000445023353677243,0.0001565899874549359,50000
489000,0.010000000000000009,239,22.55,0.051305278453581925,0.051305278453581925,0.0005337873910320923,0.0005336244066711515,0.00016297979309456422,4.0,0.009967637036286467,0.009967637036286467,0.0004954134346917272,0.0004951979499310255,0.0002155037655029446,50000
490000,0.010000000000000009,239,22.55,0.051305278453581925,0.051305278453581925,0.0005337873910320923,0.0005336244066711515,0.00016297979309456422,14.0,0.034406054716079375,0.034406054716079375,0.0004995323251932859,0.0004993301699869335,0.0002021782420342788,50000
491000,0.010000000000000009,240,22.6,0.05115846703250353,0.05115846703250353,0.0005329420295311138,0.0005327779188519343,0.00016410587777500042,3.0,0.008510510030055837,0.008510510030055837,0.0004640562110580504,0.00046387058682739735,0.0001856254239100963,50000
492000,0.010000000000000009,240,22.6,0.05115846703250353,0.05115846703250353,0.0005329420295311138,0.0005327779188519343,0.00016410587777500042,13.0,0.03203608591188288,0.03203608591188288,0.0004510664730332792,0.0004508758138399571,0.00019067275570705533,50000
493000,0.010000000000000009,241,22.6,0.05105281923036514,0.05105281923036514,0.0005297688505379484,0.0005296035960782319,0.0001652504550293088,3.0,0.007960909378471966,0.007960909378471966,0.0004462350916583091,0.00044606628944166005,0.0001687959156697616,50000
494000,0.010000000000000009,241,22.6,0.05105281923036514,0.05105281923036514,0.0005297688505379484,0.0005296035960782319,0.0001652504550293088,13.0,0.032359231319118144,0.032359231319118144,0.0004191247280687094,0.0004189740284346044,0.000150711988680996,50000
495000,0.010000000000000009,242,22.55,0.051082972310416044,0.051082972310416044,0.0005314707173965872,0.0005313036206644028,0.0001670933168497868,4.0,0.007464126630605017,0.007464126630605017,0.00046469728113152087,0.0004645077569875866,0.00018952247046399862,50000
496000,0.010000000000000009,242,22.55,0.051082972310416044,0.051082972310416044,0.0005314707173965872,0.0005313036206644028,0.0001670933168497868,16.0,0.03239509184259369,0.03239509184259369,0.00040352842188440263,0.00040336104575544596,0.00016738403064664453,50000
497000,0.010000000000000009,243,22.75,0.05099216167907333,0.05099216167907333,0.0005326614220393822,0.0005324926314642653,0.00016878841852303595,2.0,0.006028875450301834,0.006028875450301834,0.0004750603111460805,0.00047488114796578884,0.00017915235366672277,50000
498000,0.010000000000000009,243,22.75,0.05099216167907333,0.05099216167907333,0.0005326614220393822,0.0005324926314642653,0.00016878841852303595,12.0,0.030600690562031446,0.030600690562031446,0.0004910468705929816,0.0004908845876343548,0.0001622992567718029,50000
499000,0.010000000000000009,244,22.5,0.050963622923587616,0.050963622923587616,0.0005324364785337821,0.0005322675220668316,0.0001689536395133473,2.0,0.004633487989677374,0.004633487989677374,0.0004105338884983212,0.00041038653580471873,0.00014735435252077878,50000
500000,0.010000000000000009,244,22.5,0.050963622923587616,0.050963622923587616,0.0005324364785337821,0.0005322675220668316,0.0001689536395133473,12.0,0.030523853401254394,0.030523853401254394,0.0004036402970086783,0.0004034467274323106,0.00019356865959707648,50000
